wellName,DEPTH,Gamma,Porosity,Fluvialfacies
A10,1501.629,78.869453,0.267428,0
A10,1502.129,78.008301,0.256076,0
A10,1502.629,75.581558,0.242126,0
A10,1503.129,73.238037,0.238589,0
A10,1503.629,71.504173,0.238377,0
A10,1504.129,71.459229,0.240893,0
A10,1504.629,73.4478,0.244279,0
A10,1505.129,75.83062,0.256038,0
A10,1505.629,78.084259,0.270472,0
A10,1506.129,79.799255,0.266565,0
A10,1506.629,80.844872,0.256802,0
A10,1507.129,80.38166,0.256206,0
A10,1507.629,78.141602,0.258538,0
A10,1508.129,77.074661,0.253027,0
A10,1508.629,78.122734,0.245013,0
A10,1509.129,80.320938,0.249393,0
A10,1509.629,83.361206,0.257731,0
A10,1510.129,86.870644,0.261494,0
A10,1510.629,90.730186,0.263797,0
A10,1511.129,93.797852,0.244432,0
A10,1511.629,95.70903,0.218148,0
A10,1512.129,95.946472,0.217284,0
A10,1512.629,94.345032,0.224536,0
A10,1513.129,87.30777,0.246015,0
A10,1513.629,73.686234,0.272036,0
A10,1514.129,63.072395,0.283209,0
A10,1514.629,58.528858,0.289643,0
A10,1515.129,58.117874,0.284402,0
A10,1515.629,61.220753,0.275434,0
A10,1516.129,65.996002,0.264269,0
A10,1516.629,71.855675,0.252403,0
A10,1517.129,76.827644,0.237911,0
A10,1517.629,80.282249,0.222581,0
A10,1518.129,82.632019,0.231234,0
A10,1518.629,84.008675,0.247545,0
A10,1519.129,85.735664,0.241234,0
A10,1519.629,88.235558,0.2277,0
A10,1520.129,90.149986,0.24069,0
A10,1520.629,91.045235,0.262148,0
A10,1521.129,90.99617,0.259357,0
A10,1521.629,90.026672,0.248823,0
A10,1522.129,86.375076,0.245943,0
A10,1522.629,79.478905,0.245507,0
A10,1523.129,75.319756,0.252127,2
A10,1523.629,75.807526,0.261,2
A10,1524.129,80.953362,0.247642,2
A10,1524.629,90.760841,0.227184,2
A10,1525.129,97.119331,0.230177,2
A10,1525.629,97.439201,0.240658,2
A10,1526.129,95.756302,0.232117,2
A10,1526.629,93.359238,0.217503,2
A10,1527.129,90.273407,0.225104,2
A10,1527.629,86.506943,0.239799,2
A10,1528.129,83.491196,0.248648,2
A10,1528.629,81.683189,0.255631,2
A10,1529.129,80.336388,0.261581,2
A10,1529.629,79.212402,0.267202,2
A10,1530.129,78.285912,0.267111,2
A10,1530.629,77.54882,0.265196,2
A10,1531.129,77.908432,0.261191,2
A10,1531.629,79.654434,0.256519,2
A10,1532.129,82.109657,0.249492,2
A10,1532.629,85.057877,0.241714,2
A10,1533.129,88.541397,0.246168,2
A10,1533.629,92.573746,0.254527,2
A10,1534.129,92.706635,0.266182,2
A10,1534.629,87.519775,0.278889,2
A10,1535.129,80.937218,0.271267,2
A10,1535.629,74.211861,0.257154,2
A10,1536.129,69.055145,0.260213,2
A10,1536.629,66.01355,0.268755,2
A10,1537.129,65.364136,0.270532,2
A10,1537.629,67.195396,0.27015,2
A10,1538.129,70.25882,0.268907,2
A10,1538.629,74.155769,0.267388,2
A10,1539.129,78.571793,0.266528,2
A10,1539.629,83.406456,0.265879,0
A10,1540.129,86.22171,0.263502,0
A10,1540.629,86.239113,0.260574,0
A10,1541.129,84.986069,0.243469,0
A10,1541.629,82.950256,0.221838,0
A10,1542.129,81.365021,0.232547,0
A10,1542.629,80.624146,0.253582,0
A10,1543.129,79.560143,0.24473,0
A10,1543.629,77.800262,0.226334,0
A10,1544.129,76.190826,0.232812,0
A10,1544.629,75.002068,0.247232,0
A10,1545.129,76.785156,0.247288,0
A10,1545.629,82.35466,0.242757,0
A10,1546.129,86.284805,0.243773,0
A10,1546.629,86.843201,0.24656,0
A10,1547.129,85.263039,0.233077,0
A10,1547.629,81.938042,0.214399,0
A10,1548.129,79.117104,0.228945,0
A10,1548.629,77.51825,0.254098,0
A10,1549.129,75.644775,0.259103,0
A10,1549.629,73.018806,0.257676,0
A10,1550.129,69.979317,0.278571,0
A10,1550.629,66.634514,0.306592,0
A10,1551.129,65.481483,0.303574,0
A10,1551.629,67.317505,0.290646,0
A10,1552.129,69.82917,0.269893,0
A10,1552.629,72.277832,0.246642,0
A10,1553.129,74.679474,0.253767,0
A10,1553.629,77.0392,0.27059,0
A10,1554.129,79.818054,0.253596,0
A10,1554.629,83.163239,0.225803,0
A10,1555.129,85.634315,0.219271,0
A10,1555.629,86.771347,0.219527,0
A10,1556.129,86.554359,0.228544,0
A10,1556.629,84.976982,0.240358,0
A10,1557.129,83.008965,0.258925,0
A10,1557.629,80.959938,0.279649,0
A10,1558.129,80.552299,0.265363,0
A10,1558.629,82.335991,0.239899,0
A10,1559.129,86.705421,0.2386,0
A10,1559.629,93.78653,0.245016,0
A10,1560.129,101.03632,0.236631,0
A10,1560.629,107.64285,0.22352,0
A10,1561.129,110.9325,0.221674,0
A10,1561.629,110.05161,0.223425,0
A10,1562.129,103.46317,0.234399,0
A10,1562.629,90.676407,0.248318,0
A10,1563.129,82.472366,0.254881,0
A10,1563.629,82.293304,0.259095,0
A10,1564.129,83.275452,0.244072,0
A10,1564.629,83.22728,0.222907,0
A10,1565.129,79.886169,0.220187,2
A10,1565.629,72.529716,0.223356,2
A10,1566.129,67.101524,0.25063,2
A10,1566.629,65.499352,0.2856,2
A10,1567.129,65.473289,0.278713,2
A10,1567.629,66.30497,0.258462,2
A10,1568.129,67.445236,0.248325,2
A10,1568.629,68.718781,0.241417,2
A10,1569.129,68.432579,0.251366,2
A10,1569.629,66.046082,0.266697,2
A10,1570.129,62.948841,0.264243,2
A10,1570.629,59.584518,0.25611,2
A10,1571.129,56.881599,0.267138,2
A10,1571.629,55.136536,0.284284,2
A10,1572.129,56.25145,0.270848,2
A10,1572.629,60.833668,0.247648,2
A10,1573.129,67.345085,0.255753,2
A10,1573.629,75.294594,0.273853,2
A10,1574.129,84.064476,0.267424,2
A10,1574.629,93.457497,0.253164,2
A10,1575.129,97.244682,0.25297,2
A10,1575.629,93.43718,0.257267,2
A10,1576.129,85.800926,0.261818,2
A10,1576.629,75.538345,0.266451,2
A10,1577.129,68.239288,0.26986,2
A10,1577.629,65.68856,0.272878,2
A10,1578.129,66.211563,0.263386,2
A10,1578.629,69.273605,0.2499,1
A10,1579.129,74.008728,0.238758,1
A10,1579.629,80.14045,0.228364,1
A10,1580.129,86.236588,0.225993,1
A10,1580.629,91.839874,0.226184,1
A10,1581.129,95.242744,0.230943,1
A10,1581.629,95.899986,0.23716,1
A10,1582.129,94.425423,0.232871,1
A10,1582.629,91.015022,0.225226,1
A10,1583.129,87.080711,0.231356,1
A10,1583.629,83.07328,0.241883,1
A10,1584.129,80.033913,0.246423,1
A10,1584.629,78.295021,0.24905,1
A10,1585.129,77.703857,0.245088,1
A10,1585.629,78.211639,0.239022,1
A10,1586.129,78.372162,0.237178,1
A10,1586.629,77.723671,0.236683,1
A10,1587.129,77.032516,0.252366,1
A10,1587.629,76.543404,0.273215,2
A10,1588.129,76.261848,0.262105,2
A10,1588.629,76.189651,0.24079,2
A10,1589.129,75.086159,0.249087,2
A10,1589.629,72.55526,0.266838,2
A10,1590.129,70.821884,0.278178,2
A10,1590.629,70.596436,0.287472,2
A10,1591.129,72.219124,0.276169,2
A10,1591.629,75.798569,0.25829,2
A10,1592.129,76.575829,0.247799,2
A10,1592.629,73.031441,0.239668,2
A10,1593.129,70.175995,0.248394,2
A10,1593.629,69.609322,0.262502,2
A10,1594.129,72.692619,0.26564,2
A10,1594.629,79.860512,0.265276,2
A10,1595.129,87.913818,0.238282,1
A10,1595.629,95.831078,0.202785,1
A10,1596.129,100.99051,0.207391,1
A10,1596.629,102.55498,0.224802,1
A10,1597.129,98.15271,0.248724,1
A10,1597.629,87.026421,0.274724,1
A10,1598.129,79.942932,0.278867,1
A10,1598.629,80.339981,0.27603,1
A10,1599.129,83.314407,0.268697,1
A10,1599.629,87.30069,0.259926,1
A10,1600.129,90.476624,0.252018,1
A10,1600.629,92.260429,0.244385,1
A10,1601.129,91.926941,0.25064,1
A10,1601.629,89.244629,0.26133,1
A10,1602.129,86.293861,0.25603,1
A10,1602.629,83.738884,0.245625,1
A10,1603.129,83.713669,0.250384,1
A10,1603.629,86.899574,0.259985,1
A10,1604.129,88.476822,0.255445,1
A10,1604.629,86.906509,0.246389,1
A10,1605.129,84.239403,0.241695,1
A10,1605.629,81.130264,0.238395,1
A10,1606.129,80.111015,0.225516,1
A10,1606.629,81.990051,0.209578,1
A10,1607.129,83.767883,0.222306,2
A10,1607.629,84.486809,0.244187,2
A10,1608.129,84.657593,0.246093,2
A10,1608.629,84.443314,0.241623,2
A10,1609.129,84.611542,0.245685,2
A10,1609.629,85.407349,0.252471,2
A10,1610.129,85.417236,0.254998,2
A10,1610.629,84.189911,0.256165,2
A10,1611.129,82.148895,0.249068,2
A10,1611.629,79.42942,0.239332,2
A10,1612.129,76.830254,0.245592,2
A10,1612.629,74.606438,0.256958,2
A10,1613.129,73.220161,0.2489,2
A10,1613.629,72.818993,0.23464,2
A10,1614.129,73.135605,0.245086,2
A10,1614.629,74.084633,0.263421,2
A10,1615.129,74.325912,0.258149,2
A10,1615.629,73.431564,0.245341,2
A10,1616.129,74.100121,0.250761,2
A10,1616.629,77.193199,0.262003,2
A10,1617.129,82.43779,0.248904,2
A10,1617.629,89.746719,0.228035,2
A10,1618.129,94.743248,0.229447,2
A10,1618.629,96.029961,0.237973,2
A10,1619.129,93.729881,0.234944,2
A10,1619.629,87.882317,0.228227,2
A10,1620.129,78.346046,0.258425,2
A10,1620.629,65.075996,0.300409,2
A10,1621.129,60.791912,0.277466,2
A10,1621.629,69.555077,0.233792,2
A10,1622.129,78.888245,0.235359,2
A10,1622.629,84.807533,0.251371,2
A10,1623.129,86.111427,0.252844,2
A10,1623.629,82.416283,0.249674,2
A10,1624.129,79.253586,0.245473,2
A10,1624.629,78.389488,0.240942,2
A10,1625.129,78.647629,0.250809,1
A10,1625.629,79.652397,0.265274,1
A10,1626.129,81.467911,0.256037,1
A10,1626.629,84.114616,0.239232,1
A10,1627.129,85.045227,0.236723,1
A10,1627.629,83.446411,0.238779,1
A10,1628.129,81.450462,0.242044,1
A10,1628.629,79.73819,0.245695,1
A10,1629.129,79.068375,0.248053,1
A10,1629.629,79.683273,0.249997,1
A10,1630.129,78.841873,0.249793,1
A10,1630.629,75.668983,0.248904,1
A10,1631.129,73.200844,0.257504,1
A10,1631.629,72.406868,0.269133,1
A10,1632.129,75.982033,0.257039,1
A10,1632.629,84.786797,0.23737,1
A10,1633.129,91.092934,0.227704,1
A10,1633.629,92.432922,0.221231,1
A10,1634.129,91.579109,0.226827,1
A10,1634.629,89.416687,0.236276,1
A10,1635.129,87.31768,0.249494,1
A10,1635.629,85.720169,0.263914,1
A10,1636.129,84.082336,0.255434,1
A10,1636.629,82.231163,0.239642,1
A10,1637.129,80.330215,0.239361,3
A10,1637.629,78.431694,0.244032,3
A10,1638.129,76.790062,0.254742,3
A10,1638.629,75.486565,0.26738,3
A10,1639.129,75.809128,0.271121,3
A10,1639.629,78.168968,0.27202,3
A10,1640.129,81.460197,0.267621,3
A10,1640.629,85.32972,0.26153,3
A10,1641.129,87.628708,0.251212,3
A10,1641.629,87.671066,0.239544,3
A10,1642.129,88.407181,0.240895,3
A10,1642.629,90.779076,0.246402,3
A10,1643.129,94.245239,0.240998,1
A10,1643.629,98.632774,0.232109,1
A10,1644.129,102.90547,0.227347,1
A10,1644.629,106.73246,0.223902,1
A10,1645.129,109.2777,0.222631,1
A10,1645.629,110.27426,0.222055,1
A10,1646.129,109.98178,0.223173,1
A10,1646.629,108.48315,0.224832,1
A10,1647.129,105.65147,0.2356,1
A10,1647.629,101.44622,0.249276,1
A10,1648.129,97.148308,0.251636,1
A10,1648.629,93.166679,0.250383,1
A10,1649.129,89.476334,0.238634,1
A10,1649.629,86.06926,0.223534,1
A10,1650.129,83.157181,0.224763,1
A10,1650.629,80.807693,0.231207,1
A10,1651.129,80.283516,0.230862,1
A10,1651.629,81.987823,0.228349,1
A10,1652.129,86.038742,0.233629,1
A10,1652.629,92.473991,0.241398,1
A10,1653.129,94.059013,0.241812,1
A10,1653.629,88.48391,0.239877,1
A10,1654.129,83.401054,0.241712,1
A10,1654.629,81.253754,0.24475,1
A10,1655.129,83.004066,0.239839,1
A10,1655.629,88.959152,0.23239,1
A10,1656.129,91.617622,0.229911,1
A10,1656.629,88.584389,0.229018,1
A10,1657.129,84.583672,0.231577,1
A10,1657.629,81.123878,0.235237,1
A10,1658.129,79.110558,0.238246,1
A10,1658.629,78.832848,0.241046,1
A10,1659.129,78.010475,0.244336,1
A10,1659.629,75.91539,0.247782,3
A10,1660.129,73.772545,0.248127,3
A10,1660.629,71.973061,0.247482,3
A10,1661.129,71.062202,0.264243,3
A10,1661.629,71.214066,0.286562,3
A10,1662.129,71.354996,0.278651,3
A10,1662.629,71.142174,0.261089,3
A10,1663.129,71.044144,0.240923,3
A10,1663.629,71.210503,0.219925,3
A10,1664.129,72.07666,0.239649,3
A10,1664.629,73.781639,0.272376,3
A10,1665.129,76.6577,0.273445,3
A10,1665.629,80.810944,0.264406,3
A10,1666.129,85.114319,0.259236,3
A10,1666.629,89.20797,0.255303,1
A10,1667.129,91.840408,0.247414,1
A10,1667.629,92.61203,0.238262,1
A10,1668.129,91.772209,0.234478,1
A10,1668.629,89.400574,0.232407,1
A10,1669.129,86.769501,0.250959,1
A10,1669.629,84.285255,0.276096,1
A10,1670.129,84.164246,0.256376,1
A10,1670.629,87.114159,0.222335,1
A10,1671.129,87.864609,0.232887,1
A10,1671.629,84.732819,0.257677,1
A10,1672.129,80.002724,0.273417,1
A10,1672.629,74.403549,0.286269,1
A10,1673.129,73.13224,0.277023,1
A10,1673.629,77.848122,0.260723,1
A10,1674.129,81.369164,0.246179,1
A10,1674.629,81.402214,0.232195,1
A10,1675.129,79.241402,0.239546,1
A10,1675.629,75.299911,0.253708,1
A10,1676.129,73.18853,0.255739,1
A10,1676.629,74.060158,0.253897,1
A10,1677.129,76.883148,0.250695,1
A10,1677.629,81.32814,0.247059,1
A10,1678.129,86.797684,0.254338,1
A10,1678.629,93.101021,0.265102,1
A10,1679.129,94.486671,0.257454,1
A10,1679.629,89.118248,0.243928,1
A10,1680.129,82.595329,0.25041,1
A10,1680.629,76.705795,0.263282,1
A10,1681.129,71.418556,0.26414,1
A10,1681.629,66.723686,0.261162,1
A10,1682.129,67.981857,0.24457,1
A10,1682.629,76.904678,0.223632,1
A10,1683.129,84.520844,0.219915,1
A10,1683.629,87.965904,0.221695,1
A10,1684.129,86.965508,0.240574,1
A10,1684.629,81.432045,0.264913,1
A10,1685.129,77.496231,0.251576,1
A10,1685.629,77.11554,0.226211,1
A10,1686.129,77.261223,0.229915,0
A10,1686.629,76.966248,0.2429,0
A10,1687.129,75.957512,0.238568,0
A10,1687.629,74.147804,0.228706,0
A10,1688.129,75.636192,0.223921,0
A10,1688.629,81.731483,0.220758,0
A10,1689.129,86.364143,0.245396,0
A10,1689.629,87.596245,0.278911,0
A10,1690.129,83.281776,0.290788,0
A10,1690.629,72.735535,0.295756,0
A10,1691.129,65.888283,0.272068,0
A10,1691.629,65.910789,0.23923,0
A10,1692.129,68.002235,0.241386,3
A10,1692.629,70.629753,0.254714,3
A10,1693.129,72.498878,0.246461,3
A10,1693.629,73.196304,0.231318,3
A10,1694.129,75.030472,0.234822,3
A10,1694.629,78.738419,0.24428,3
A10,1695.129,81.877235,0.248608,3
A10,1695.629,83.666939,0.251299,3
A10,1696.129,81.7686,0.250712,3
A10,1696.629,75.435417,0.249078,3
A10,1697.129,72.189537,0.25032,3
A10,1697.629,74.432693,0.252479,3
A10,1698.129,78.766785,0.251756,0
A10,1698.629,84.10685,0.250113,0
A10,1699.129,88.00769,0.244301,0
A10,1699.629,89.688576,0.237158,0
A10,1700.129,90.065933,0.235146,0
A10,1700.629,89.432381,0.234772,0
A10,1701.129,87.61499,0.250475,0
A10,1701.629,84.55854,0.27131,0
A10,1702.129,78.519714,0.289711,0
A10,1702.629,68.94191,0.307333,0
A10,1703.129,66.056808,0.288515,0
A10,1703.629,73.131294,0.258061,0
A10,1704.129,84.57048,0.240236,0
A10,1704.629,98.587967,0.226443,0
A10,1705.129,102.39403,0.238947,0
A10,1705.629,91.905029,0.259847,0
A10,1706.129,83.155769,0.253468,0
A10,1706.629,81.265976,0.238379,0
A10,1707.129,83.622505,0.241697,0
A10,1707.629,89.391022,0.250893,0
A10,1708.129,90.157158,0.24919,0
A10,1708.629,83.234306,0.244006,0
A10,1709.129,78.420815,0.254925,0
A10,1709.629,78.845215,0.270984,1
A10,1710.129,83.177094,0.259231,1
A10,1710.629,90.991692,0.238598,1
A10,1711.129,92.761253,0.227528,1
A10,1711.629,85.443687,0.219512,1
A10,1712.129,79.056389,0.234447,1
A10,1712.629,76.797806,0.256709,1
A10,1713.129,78.391441,0.255038,1
A10,1713.629,83.749016,0.245724,1
A10,1714.129,88.0354,0.249493,1
A10,1714.629,89.706779,0.257439,1
A10,1715.129,91.252815,0.240254,1
A10,1715.629,93.46843,0.215044,1
A10,1716.129,96.408752,0.21659,1
A10,1716.629,100.0914,0.226679,1
A10,1717.129,100.25306,0.230233,1
A10,1717.629,95.532516,0.231701,1
A10,1718.129,90.654388,0.238506,1
A10,1718.629,87.12719,0.247015,1
A10,1719.129,85.554916,0.253097,1
A10,1719.629,86.13044,0.258405,1
A10,1720.129,87.812653,0.255256,1
A10,1720.629,90.269157,0.249406,1
A10,1721.129,91.734383,0.246972,1
A10,1721.629,91.644623,0.24563,1
A10,1722.129,89.145256,0.251054,1
A10,1722.629,83.963432,0.258639,1
A10,1723.129,82.003983,0.239584,1
A10,1723.629,85.152222,0.212022,1
A10,1724.129,88.913223,0.227839,1
A10,1724.629,91.851791,0.257505,1
A10,1725.129,92.008957,0.25714,1
A10,1725.629,88.759239,0.247186,1
A10,1726.129,84.041275,0.248865,1
A10,1726.629,78.474052,0.254258,1
A10,1727.129,73.62355,0.254885,1
A10,1727.629,69.989799,0.253991,1
A10,1728.129,69.375465,0.243727,1
A10,1728.629,72.356133,0.23047,1
A10,1729.129,76.413963,0.231272,1
A10,1729.629,80.745041,0.236562,3
A10,1730.129,84.860329,0.244469,3
A10,1730.629,88.603668,0.253212,3
A10,1731.129,91.125458,0.254224,3
A10,1731.629,92.154411,0.252767,3
A10,1732.129,92.61985,0.251738,3
A10,1732.629,92.818497,0.250845,3
A10,1733.129,92.343216,0.258285,3
A10,1733.629,91.064011,0.268385,1
A10,1734.129,87.301308,0.259875,1
A10,1734.629,80.518845,0.245423,1
A10,1735.129,75.604027,0.264817,1
A10,1735.629,74.117363,0.295019,1
A10,1736.129,74.525558,0.28115,1
A10,1736.629,76.339043,0.25321,1
A10,1737.129,76.911087,0.253296,1
A10,1737.629,75.396606,0.262331,1
A10,1738.129,73.671822,0.276334,1
A10,1738.629,72.335808,0.291923,1
A10,1739.129,71.519753,0.271575,1
A10,1739.629,71.265556,0.239753,1
A10,1740.129,73.554314,0.235392,1
A10,1740.629,79.018562,0.239799,1
A10,1741.129,84.257767,0.240351,1
A10,1741.629,88.186157,0.239674,1
A10,1742.129,90.932343,0.253522,1
A10,1742.629,92.537392,0.272007,3
A10,1743.129,91.501389,0.275076,3
A10,1743.629,87.345406,0.273223,3
A10,1744.129,82.551109,0.278033,3
A10,1744.629,77.910889,0.284971,3
A10,1745.129,73.4161,0.273164,3
A10,1745.629,69.063988,0.255372,3
A10,1746.129,67.311852,0.25292,3
A10,1746.629,68.944298,0.255366,3
A10,1747.129,71.498055,0.253636,3
A10,1747.629,74.186623,0.250572,3
A10,1748.129,77.008369,0.260722,3
A10,1748.629,79.962791,0.275092,0
A10,1749.129,82.243202,0.267023,0
A10,1749.629,83.592049,0.25179,0
A10,1750.129,84.555115,0.241199,3
A10,1750.629,85.306664,0.232091,3
A10,1751.129,85.84201,0.227728,3
A10,1751.629,86.159676,0.224879,3
A10,1752.129,86.133865,0.235262,3
A10,1752.629,85.724449,0.249869,3
A10,1753.129,85.510185,0.24577,3
A10,1753.629,85.67588,0.235699,3
A10,1754.129,86.467415,0.233537,3
A10,1754.629,87.963326,0.2339,1
A10,1755.129,87.256058,0.241334,1
A10,1755.629,83.417259,0.251026,1
A10,1756.129,79.542709,0.252459,1
A10,1756.629,76.620827,0.251254,1
A10,1757.129,76.267815,0.24115,1
A10,1757.629,78.999687,0.228206,1
A10,1758.129,79.425362,0.23516,1
A10,1758.629,75.823486,0.248467,1
A10,1759.129,71.656052,0.263318,1
A10,1759.629,68.028427,0.278662,1
A10,1760.129,67.518631,0.272906,1
A10,1760.629,70.949799,0.260413,1
A10,1761.129,74.505371,0.244482,1
A10,1761.629,76.966774,0.227453,1
A10,1762.129,78.831085,0.232466,1
A10,1762.629,80.257034,0.244517,1
A10,1763.129,81.36628,0.248852,1
A10,1763.629,82.197678,0.250724,1
A10,1764.129,83.068214,0.246934,1
A10,1764.629,84.079102,0.241337,1
A10,1765.129,85.019051,0.242693,1
A10,1765.629,85.820602,0.24627,1
A10,1766.129,85.923737,0.249756,1
A10,1766.629,85.149651,0.253212,1
A10,1767.129,84.561646,0.247032,1
A10,1767.629,84.499245,0.237775,1
A10,1768.129,84.777847,0.226605,1
A10,1768.629,85.338547,0.214824,1
A10,1769.129,86.017159,0.228329,1
A10,1769.629,86.761276,0.249907,1
A10,1770.129,86.142487,0.237502,1
A10,1770.629,83.704697,0.214247,1
A10,1771.129,80.176666,0.22469,1
A10,1771.629,75.7911,0.245893,1
A10,1772.129,73.584991,0.251528,1
A10,1772.629,74.528053,0.252194,1
A10,1773.129,76.921616,0.237296,1
A10,1773.629,80.223305,0.217429,1
A10,1774.129,84.083633,0.228397,1
A10,1774.629,88.391006,0.249209,1
A10,1775.129,88.028465,0.247307,1
A10,1775.629,81.362228,0.238152,1
A10,1776.129,76.772766,0.229924,1
A10,1776.629,76.93589,0.221993,1
A10,1777.129,81.640282,0.220385,1
A10,1777.629,90.818481,0.220796,1
A10,1778.129,94.029686,0.240255,1
A10,1778.629,87.940292,0.265796,2
A10,1779.129,81.511314,0.269276,2
A10,1779.629,77.603889,0.265712,2
A10,1780.129,76.558464,0.246646,2
A10,1780.629,78.483719,0.222631,2
A10,1781.129,81.513802,0.216066,2
A10,1781.629,85.052956,0.215072,2
A10,1782.129,86.425064,0.232219,2
A10,1782.629,84.775681,0.255158,2
A10,1783.129,79.188385,0.267043,2
A10,1783.629,69.37059,0.275399,2
A10,1784.129,65.435333,0.272065,2
A10,1784.629,70.611603,0.264999,2
A10,1785.129,77.210487,0.268366,2
A10,1785.629,82.777023,0.275063,2
A10,1786.129,85.396454,0.277112,2
A10,1786.629,84.457436,0.277676,2
A10,1787.129,82.235657,0.266576,2
A10,1787.629,79.45771,0.251753,2
A10,1788.129,76.333488,0.246861,2
A10,1788.629,72.929993,0.245141,2
A10,1789.129,69.174957,0.255044,2
A10,1789.629,65.045326,0.268658,2
A10,1790.129,65.699699,0.26835,2
A10,1790.629,72.785133,0.263596,2
A10,1791.129,80.905083,0.241201,2
A10,1791.629,88.336487,0.213172,2
A10,1792.129,91.001099,0.212642,2
A10,1792.629,87.596764,0.220891,2
A10,1793.129,84.278275,0.226608,2
A10,1793.629,83.010796,0.231517,2
A10,1794.129,82.67186,0.24659,2
A10,1794.629,82.903069,0.264908,2
A10,1795.129,82.990936,0.253791,2
A10,1795.629,82.707649,0.233276,2
A10,1796.129,82.19783,0.240596,2
A10,1796.629,81.50766,0.256804,2
A10,1797.129,80.614098,0.24817,2
A10,1797.629,79.509789,0.231603,2
A10,1798.129,77.886925,0.2272,2
A10,1798.629,75.647217,0.226681,2
A10,1799.129,73.022461,0.238112,2
A10,1799.629,70.08667,0.253359,2
A10,1800.129,67.136749,0.268543,2
A10,1800.629,64.267494,0.283706,2
A10,1801.129,62.646244,0.27664,2
A10,1801.629,62.645718,0.262476,2
A10,1802.129,63.515785,0.263746,2
A10,1802.629,65.016937,0.269943,2
A10,1803.129,67.150314,0.247249,2
A10,1803.629,69.916275,0.215331,2
A10,1804.129,74.707542,0.230147,2
A10,1804.629,81.968819,0.259885,2
A10,1805.129,87.68425,0.266417,2
A10,1805.629,90.57164,0.26554,2
A10,1806.129,91.128448,0.263477,2
A10,1806.629,89.513519,0.261035,2
A10,1807.129,88.607391,0.253737,2
A10,1807.629,89.329796,0.244888,2
A10,1808.129,89.286263,0.232277,2
A10,1808.629,87.71228,0.218466,2
A10,1809.129,84.658707,0.237688,2
A10,1809.629,80.141785,0.267458,0
A10,1810.129,78.966042,0.271093,0
A10,1810.629,82.665527,0.266382,0
A10,1811.129,86.283401,0.261744,0
A10,1811.629,88.237015,0.257129,0
A10,1812.129,88.269852,0.261213,0
A10,1812.629,86.300034,0.268074,1
A10,1813.129,86.09024,0.265108,1
A10,1813.629,88.841873,0.259003,1
A10,1814.129,91.401924,0.249568,1
A10,1814.629,92.76368,0.23907,1
A10,1815.129,92.351189,0.236548,1
A10,1815.629,89.980545,0.236574,1
A10,1816.129,88.123024,0.238438,1
A10,1816.629,87.567673,0.240889,1
A10,1817.129,87.240746,0.228713,1
A10,1817.629,86.799423,0.211867,1
A10,1818.129,85.972771,0.220786,1
A10,1818.629,84.674271,0.237931,0
A10,1819.129,84.289803,0.23635,0
A10,1819.629,85.261871,0.228791,0
A10,1820.129,85.685165,0.225017,0
A10,1820.629,84.95137,0.222453,0
A10,1821.129,81.65712,0.233169,0
A10,1821.629,75.354324,0.248125,0
A10,1822.129,73.211578,0.240004,0
A10,1822.629,77.517723,0.224514,0
A10,1823.129,82.416183,0.231,0
A10,1823.629,86.037025,0.244502,0
A10,1824.129,83.361443,0.2512,0
A10,1824.629,72.78698,0.255725,0
A10,1825.129,67.579201,0.265438,0
A10,1825.629,71.97364,0.276807,0
A10,1826.129,79.246712,0.266192,0
A10,1826.629,87.251656,0.248558,0
A10,1827.129,88.791138,0.248941,0
A10,1827.629,81.567131,0.255076,1
A10,1828.129,75.766716,0.251527,1
A10,1828.629,74.642517,0.244885,1
A10,1829.129,75.36097,0.241659,1
A10,1829.629,77.017357,0.239524,1
A10,1830.129,75.069458,0.2435,1
A10,1830.629,68.066994,0.249427,1
A10,1831.129,62.379971,0.242892,1
A10,1831.629,60.042274,0.232378,1
A10,1832.129,60.120518,0.243266,1
A10,1832.629,62.316677,0.260988,1
A10,1833.129,66.70784,0.262503,1
A10,1833.629,73.318619,0.258844,1
A10,1834.129,79.287125,0.249783,1
A10,1834.629,83.6996,0.238997,1
A10,1835.129,86.768082,0.228952,1
A10,1835.629,88.560265,0.219142,1
A10,1836.129,87.810493,0.232127,1
A10,1836.629,84.114655,0.25239,1
A10,1837.129,80.103355,0.250627,1
A10,1837.629,76.616524,0.241831,1
A10,1838.129,73.626282,0.239,1
A10,1838.629,71.123726,0.238075,1
A10,1839.129,70.324142,0.243252,1
A10,1839.629,71.615562,0.250377,1
A10,1840.129,73.33532,0.251669,1
A10,1840.629,74.95256,0.2511,1
A10,1841.129,76.469505,0.236023,1
A10,1841.629,77.886887,0.216314,1
A10,1842.129,79.366913,0.227753,1
A10,1842.629,80.961365,0.249138,0
A10,1843.129,82.609848,0.244865,0
A10,1843.629,84.293098,0.232401,0
A10,1844.129,86.01403,0.237544,0
A10,1844.629,87.773575,0.248307,0
A10,1845.129,90.109741,0.244195,0
A10,1845.629,93.194321,0.235333,0
A10,1846.129,95.031822,0.234568,0
A10,1846.629,94.985123,0.236388,0
A10,1847.129,92.380112,0.227138,0
A10,1847.629,87.001549,0.214355,0
A10,1848.129,81.261711,0.232009,0
A10,1848.629,75.930824,0.259381,0
A10,1849.129,72.744949,0.256861,0
A10,1849.629,72.258408,0.244796,0
A10,1850.129,75.943176,0.242565,0
A10,1850.629,84.269264,0.243475,0
A10,1851.129,88.504021,0.249004,0
A10,1851.629,85.8592,0.256009,0
A10,1852.129,81.33017,0.247171,0
A10,1852.629,76.511894,0.233275,0
A10,1853.129,73.314728,0.247581,0
A10,1853.629,72.348625,0.270891,0
A10,1854.129,73.12149,0.260473,0
A10,1854.629,75.476204,0.239286,0
A10,1855.129,78.028709,0.243833,0
A10,1855.629,80.337105,0.256595,0
A10,1856.129,81.210892,0.266221,0
A10,1856.629,80.269966,0.274845,0
A10,1857.129,78.232132,0.263335,2
A10,1857.629,75.326569,0.245396,3
A10,1858.129,72.542297,0.235372,3
A10,1858.629,70.195122,0.227875,2
A10,1859.129,69.943687,0.241616,2
A10,1859.629,72.317574,0.262137,2
A10,1860.129,73.427277,0.262652,2
A10,1860.629,72.030899,0.256778,2
A10,1861.129,69.412186,0.25286,2
A10,1861.629,65.981026,0.249568,2
A10,1862.129,63.402802,0.256352,2
A10,1862.629,62.209263,0.266354,2
A10,1863.129,60.691544,0.271553,2
A10,1863.629,58.304035,0.275218,2
A10,1864.129,55.970165,0.273739,2
A10,1864.629,53.984776,0.270618,2
A10,1865.129,56.526917,0.264173,2
A10,1865.629,64.930908,0.256667,2
A10,1866.129,72.961281,0.259169,2
A10,1866.629,78.627113,0.264866,2
A10,1867.129,82.268745,0.270586,2
A10,1867.629,83.994827,0.276312,2
A10,1868.129,82.146179,0.270286,2
A10,1868.629,76.193031,0.260507,2
A10,1869.129,69.895226,0.264384,2
A10,1869.629,64.453224,0.272621,2
A10,1870.129,59.820152,0.297213,2
A10,1870.629,55.981052,0.327028,2
A10,1871.129,54.957687,0.320237,2
A10,1871.629,57.395576,0.301758,2
A10,1872.129,60.723366,0.294326,2
A10,1872.629,64.120049,0.290422,2
A10,1873.129,67.584908,0.275095,2
A10,1873.629,71.117744,0.256122,2
A10,1874.129,73.666763,0.26419,2
A10,1874.629,74.896172,0.280892,2
A10,1875.129,75.340637,0.267751,2
A10,1875.629,75.170883,0.245081,2
A10,1876.129,74.320023,0.255129,2
A10,1876.629,72.766708,0.275623,2
A10,1877.129,70.759468,0.261371,2
A10,1877.629,68.377647,0.236025,2
A10,1878.129,69.2202,0.230998,3
A10,1878.629,74.436234,0.232459,3
A10,1879.129,85.567123,0.22639,0
A10,1879.629,103.10502,0.217916,0
A10,1880.129,115.45682,0.214943,0
A10,1880.629,118.92096,0.213726,0
A10,1881.129,119.95753,0.213022,0
A10,1881.629,120.62917,0.212482,0
A10,1882.129,122.30773,0.209913,0
A10,1882.629,125.43124,0.206696,0
A10,1883.129,127.94828,0.20525,0
A10,1883.629,129.20386,0.20437,0
A10,1884.129,129.55287,0.204604,0
A10,1884.629,129.10867,0.205193,0
A10,1885.129,127.55788,0.207477,0
A10,1885.629,124.80044,0.210301,0
A10,1886.129,122.2704,0.212164,0
A10,1886.629,120.42564,0.213719,0
A10,1887.129,119.10994,0.214601,0
A10,1887.629,118.27342,0.215268,0
A10,1888.129,118.17642,0.214781,0
A10,1888.629,118.90207,0.213924,0
A10,1889.129,120.65836,0.211527,0
A10,1889.629,123.51174,0.208638,0
A10,1890.129,126.39164,0.206192,0
A10,1890.629,128.95624,0.203887,0
A10,1891.129,129.50433,0.205176,0
A10,1891.629,127.49273,0.207613,0
A10,1892.129,125.88301,0.208158,0
A10,1892.629,125.62075,0.208099,0
A10,1893.129,125.75507,0.20791,0
A10,1893.629,125.98234,0.207678,0
A10,1894.129,124.31431,0.211,0
A10,1894.629,120.11613,0.215456,0
A10,1895.129,115.97164,0.218678,0
A10,1895.629,112.70583,0.221506,0
A10,1896.129,110.32413,0.22309,0
A10,1896.629,108.82829,0.224277,0
A10,1897.129,109.77813,0.22133,0
A10,1897.629,113.6717,0.217064,0
A10,1898.129,118.15705,0.213021,0
A10,1898.629,122.48323,0.209049,0
A10,1899.129,126.51677,0.205549,0
A10,1899.629,130.21504,0.202199,0
A10,1900.129,131.588,0.203006,0
A10,1900.629,130.0002,0.20514,0
A10,1901.129,128.53947,0.205711,0
A10,1901.629,128.19174,0.205784,0
A10,1902.129,128.79752,0.20459,0
A10,1902.629,130.30586,0.20299,0
A10,1903.129,131.46423,0.202443,0
A10,1903.629,131.8727,0.202233,0
A10,1904.129,131.26682,0.203566,0
A10,1904.629,129.56216,0.205391,0
A10,1905.129,126.75544,0.208765,0
A10,1905.629,122.8456,0.212634,0
A10,1906.129,121.55436,0.211157,0
A10,1906.629,124.07005,0.207973,0
A10,1907.129,126.71299,0.206261,0
A10,1907.629,128.30832,0.205018,0
A10,1908.129,128.5939,0.205732,0
A10,1908.629,127.48605,0.20707,0
A10,1909.129,127.49075,0.205723,0
A10,1909.629,129.40811,0.203519,0
A10,1910.129,131.47894,0.201887,0
A10,1910.629,133.14159,0.200439,0
A10,1911.129,134.07928,0.20015,0
A10,1911.629,134.19086,0.200232,0
A10,1912.129,132.14383,0.203942,0
A10,1912.629,127.51274,0.208811,0
A10,1913.129,123.05806,0.212194,0
A10,1913.629,119.66118,0.215104,0
A10,1914.129,118.46208,0.214416,0
A10,1914.629,119.82476,0.212579,0
A10,1915.129,121.5177,0.21128,0
A10,1915.629,122.82842,0.210151,0
A10,1916.129,123.67421,0.209713,0
A10,1916.629,124.02865,0.209495,0
A10,1917.129,123.55686,0.210587,0
A10,1917.629,122.15189,0.212097,0
A10,1918.129,122.09794,0.210687,0
A10,1918.629,124.12431,0.208343,0
A10,1919.129,126.36063,0.206544,0
A10,1919.629,128.20972,0.204918,0
A10,1920.129,127.87809,0.207159,0
A10,1920.629,124.79314,0.210633,0
A10,1921.129,122.2321,0.211903,0
A10,1921.629,121.24135,0.212468,0
A10,1922.129,120.8747,0.212582,0
A10,1922.629,120.83002,0.212551,0
A10,1923.129,120.17538,0.213795,0
A10,1923.629,118.61322,0.215445,0
A10,1924.129,115.16525,0.220182,0
A10,1924.629,109.51911,0.225904,0
A10,1925.129,102.22496,0.237806,0
A10,1925.629,93.458488,0.25168,0
A10,1926.129,82.495834,0.2587,3
A10,1926.629,69.105888,0.263531,3
A10,1927.129,58.371166,0.272226,3
A10,1927.629,51.914463,0.282156,2
A10,1928.129,48.325672,0.268867,2
A10,1928.629,47.154572,0.248165,2
A10,1929.129,46.580048,0.26426,2
A10,1929.629,46.020645,0.292103,2
A10,1930.129,45.558071,0.297517,2
A10,1930.629,45.21841,0.295771,2
A10,1931.129,45.039337,0.292924,2
A10,1931.629,45.03289,0.289726,2
A10,1932.129,45.988708,0.287297,2
A10,1932.629,48.158916,0.285113,2
A10,1933.129,49.661793,0.28398,2
A10,1933.629,49.896526,0.283183,2
A10,1934.129,49.041023,0.282882,2
A10,1934.629,47.152077,0.282739,2
A10,1935.129,46.268497,0.278087,2
A10,1935.629,47.041264,0.271997,2
A10,1936.129,47.87812,0.275271,2
A10,1936.629,48.270679,0.281534,2
A10,1937.129,48.212296,0.28375,2
A10,1937.629,47.700832,0.284674,2
A10,1938.129,47.527599,0.289821,2
A10,1938.629,47.945251,0.296316,2
A10,1939.129,48.430058,0.293003,2
A10,1939.629,48.814812,0.286559,2
A10,1940.129,49.065132,0.281689,2
A10,1940.629,49.170048,0.277323,2
A10,1941.129,48.927002,0.268705,2
A10,1941.629,48.27132,0.25873,2
A10,1942.129,47.852158,0.259958,2
A10,1942.629,47.876781,0.264762,2
A10,1943.129,48.553925,0.267768,2
A10,1943.629,49.950233,0.2702,2
A10,1944.129,53.109135,0.268679,2
A10,1944.629,58.363789,0.265896,2
A10,1945.129,63.820133,0.269478,2
A10,1945.629,68.873428,0.275091,2
A10,1946.129,72.846275,0.275832,2
A10,1946.629,75.522392,0.275017,2
A10,1947.129,77.940765,0.270981,2
A10,1947.629,80.43309,0.265916,2
A10,1948.129,82.823196,0.261497,2
A10,1948.629,85.054802,0.257285,2
A10,1949.129,86.945045,0.241092,2
A10,1949.629,88.435555,0.221075,2
A10,1950.129,87.350922,0.221079,2
A10,1950.629,82.99659,0.227475,2
A10,1951.129,78.092705,0.258175,2
A10,1951.629,73.507774,0.296634,1
A10,1952.129,71.753586,0.282947,1
A10,1952.629,73.632133,0.25261,1
A10,1953.129,75.958374,0.247139,1
A10,1953.629,77.715347,0.249607,1
A10,1954.129,79.097466,0.25075,1
A10,1954.629,80.166763,0.251471,1
A10,1955.129,80.8591,0.240715,1
A10,1955.629,81.153976,0.226296,1
A10,1956.129,79.795624,0.232501,1
A10,1956.629,76.383095,0.245291,1
A10,1957.129,72.322983,0.262274,1
A10,1957.629,68.064377,0.280594,1
A10,1958.129,66.781776,0.266472,1
A10,1958.629,69.488739,0.241991,1
A10,1959.129,72.928947,0.236974,1
A10,1959.629,76.062683,0.238171,1
A10,1960.129,78.639374,0.228756,1
A10,1960.629,80.57901,0.215952,1
A10,1961.129,79.574295,0.233819,1
A10,1961.629,74.888527,0.261479,0
A10,1962.129,73.679977,0.277883,0
A10,1962.629,78.234222,0.290694,0
A10,1963.129,86.708237,0.267558,0
A10,1963.629,98.513573,0.232946,0
A10,1964.129,103.08543,0.228012,0
A10,1964.629,97.050583,0.232555,0
A10,1965.129,90.553062,0.243619,0
A10,1965.629,86.831734,0.256766,0
A10,1966.129,85.556091,0.247665,0
A10,1966.629,86.620613,0.231461,0
A10,1967.129,86.561401,0.228448,0
A10,1967.629,84.272476,0.229647,0
A10,1968.129,82.28318,0.223106,0
A10,1968.629,81.401115,0.214093,0
A10,1969.129,81.65667,0.211503,0
A10,1969.629,83.05954,0.210964,0
A10,1970.129,83.161751,0.217811,0
A10,1970.629,81.181679,0.227016,0
A10,1971.129,80.103973,0.240267,0
A10,1971.629,80.881592,0.25481,0
A10,1972.129,83.941422,0.255478,0
A10,1972.629,89.419762,0.251716,0
A10,1973.129,91.213593,0.238937,0
A10,1973.629,87.37429,0.223279,0
A10,1974.129,82.255386,0.243978,1
A10,1974.629,77.246902,0.276284,1
A10,1975.129,72.966583,0.27106,1
A10,1975.629,69.611671,0.253852,1
A10,1976.129,67.282745,0.262354,1
A10,1976.629,66.011932,0.279066,1
A10,1977.129,66.01339,0.277015,1
A10,1977.629,67.355515,0.268972,1
A10,1978.129,70.710091,0.253882,1
A10,1978.629,76.291626,0.236542,1
A10,1979.129,82.465797,0.238143,1
A10,1979.629,88.710777,0.245792,1
A10,1980.129,93.320335,0.22734,1
A10,1980.629,95.749695,0.200555,1
A10,1981.129,93.75573,0.205165,1
A10,1981.629,86.622231,0.219801,1
A10,1982.129,79.952309,0.24956,1
A10,1982.629,75.534988,0.284148,1
A10,1983.129,72.427345,0.28333,1
A10,1983.629,70.328323,0.271207,1
A10,1984.129,69.276405,0.266804,1
A10,1984.629,69.283882,0.264865,1
A10,1985.129,69.499252,0.264511,1
A10,1985.629,69.650642,0.264663,1
A10,1986.129,70.127922,0.269474,1
A10,1986.629,71.055573,0.275772,0
A10,1987.129,73.503036,0.261702,0
A10,1987.629,77.811806,0.241129,0
A10,1988.129,80.034302,0.236556,0
A10,1988.629,78.910126,0.237091,0
A10,1989.129,76.623177,0.244006,0
A10,1989.629,73.870758,0.252958,0
A10,1990.129,75.609497,0.263777,0
A10,1990.629,83.421989,0.275192,1
A10,1991.129,88.228523,0.254688,1
A10,1991.629,87.130028,0.223993,1
A10,1992.129,82.354942,0.214851,1
A10,1992.629,74.614792,0.212592,1
A10,1993.129,69.202911,0.227969,1
A10,1993.629,67.809402,0.248978,1
A10,1994.129,69.629875,0.253939,1
A10,1994.629,74.407478,0.253777,1
A10,1995.129,81.149216,0.242728,1
A10,1995.629,89.538017,0.228203,1
A10,1996.129,92.710686,0.217641,1
A10,1996.629,88.475853,0.200763,1
A10,1997.129,83.100243,0.201935,1
A10,1997.629,78.58474,0.209643,1
A10,1998.129,74.876228,0.227873,1
A10,1998.629,71.957756,0.249463,1
A10,1999.129,72.092316,0.24764,1
A10,1999.629,76.002464,0.238341,1
A10,2000.129,80.490005,0.23687,0
A10,2000.629,84.533791,0.237898,0
A10,2001.129,88.116158,0.221689,0
A10,2001.629,91.231476,0.199975,0
A10,2002.129,93.231194,0.219175,0
A10,2002.629,93.908234,0.251439,0
A10,2003.129,94.600037,0.242523,1
A10,2003.629,95.733627,0.220459,1
A10,2004.129,97.450089,0.213838,1
A10,2004.629,99.794449,0.212148,1
A10,2005.129,97.257729,0.216836,1
A10,2005.629,88.080956,0.22356,0
A10,2006.129,80.036736,0.239004,0
A10,2006.629,75.606773,0.257232,0
A10,2007.129,77.046471,0.25194,0
A10,2007.629,85.075951,0.239139,0
A10,2008.129,90.132843,0.225294,0
A10,2008.629,89.163986,0.211115,0
A10,2009.129,87.248756,0.218487,0
A10,2009.629,86.008942,0.23274,0
A10,2010.129,87.251892,0.232295,0
A10,2010.629,91.554665,0.227157,0
A10,2011.129,95.14312,0.243812,0
A10,2011.629,96.812225,0.267426,0
A10,2012.129,96.827431,0.257422,0
A10,2012.629,95.273476,0.236684,0
A10,2013.129,91.267136,0.236343,0
A10,2013.629,84.526428,0.242514,0
A10,2014.129,78.831261,0.241413,0
A10,2014.629,75.388504,0.23799,0
A10,2015.129,72.98381,0.243406,2
A10,2015.629,71.229424,0.251643,2
A10,2016.129,69.592812,0.254162,2
A10,2016.629,67.903923,0.254855,2
A10,2017.129,68.124428,0.24511,2
A10,2017.629,70.880653,0.232033,2
A10,2018.129,73.970673,0.233791,2
A10,2018.629,76.691422,0.240287,2
A10,2019.129,75.239136,0.253231,2
A10,2019.629,68.399284,0.268234,2
A10,2020.129,65.654495,0.25769,2
A10,2020.629,70.032478,0.23899,2
A10,2021.129,77.572311,0.222964,2
A10,2021.629,87.009285,0.207793,2
A10,2022.129,90.404449,0.21264,2
A10,2022.629,85.222977,0.223879,2
A10,2023.129,79.685654,0.234343,2
A10,2023.629,76.417297,0.244559,2
A10,2024.129,74.799042,0.260942,2
A10,2024.629,74.633278,0.279294,2
A10,2025.129,75.512444,0.258994,2
A10,2025.629,77.306412,0.226353,2
A10,2026.129,79.026276,0.246642,2
A10,2026.629,80.3563,0.283832,2
A10,2027.129,81.369484,0.266615,2
A10,2027.629,82.089119,0.232028,2
A10,2028.129,82.606522,0.220351,2
A10,2028.629,82.950844,0.21599,2
A10,2029.129,81.483406,0.232485,2
A10,2029.629,77.681007,0.25564,2
A10,2030.129,71.803581,0.263582,2
A10,2030.629,63.934155,0.266667,2
A10,2031.129,62.64537,0.264646,2
A10,2031.629,70.674385,0.260995,2
A10,2032.129,78.099754,0.249104,2
A10,2032.629,81.753677,0.234582,2
A10,2033.129,81.43869,0.239954,2
A10,2033.629,77.091759,0.251677,2
A10,2034.129,74.547035,0.243147,2
A10,2034.629,75.667313,0.22815,2
A10,2035.129,76.744049,0.235247,2
A10,2035.629,76.593147,0.2494,2
A10,2036.129,74.783913,0.26429,2
A10,2036.629,71.178825,0.279415,2
A10,2037.129,70.115738,0.28172,2
A10,2037.629,72.979691,0.279934,2
A10,2038.129,76.377449,0.269582,2
A10,2038.629,79.225594,0.256495,2
A10,2039.129,80.821358,0.258039,2
A10,2039.629,80.940331,0.264254,2
A10,2040.129,80.412254,0.254804,2
A10,2040.629,79.502022,0.240353,2
A10,2041.129,77.868271,0.25317,2
A10,2041.629,75.402,0.274695,2
A10,2042.129,71.594894,0.279872,2
A10,2042.629,66.284653,0.279829,2
A10,2043.129,64.235474,0.270257,2
A10,2043.629,66.968498,0.257643,2
A10,2044.129,70.963409,0.248651,2
A10,2044.629,75.096176,0.240816,2
A10,2045.129,77.521049,0.233888,0
A10,2045.629,77.648689,0.227249,0
A10,2046.129,78.633751,0.215801,0
A10,2046.629,81.483482,0.202819,0
A10,2047.129,84.541336,0.215357,0
A10,2047.629,87.278381,0.236043,0
A10,2048.129,87.844009,0.236718,0
A10,2048.629,85.647354,0.231003,0
A10,2049.129,84.238754,0.22742,0
A10,2049.629,84.751816,0.224518,0
A10,2050.129,85.670441,0.226492,0
A10,2050.629,86.510574,0.230023,0
A10,2051.129,84.741936,0.227946,0
A10,2051.629,79.556618,0.224079,0
A10,2052.129,76.892082,0.226811,0
A10,2052.629,78.644112,0.23165,0
A10,2053.129,82.528831,0.241412,1
A10,2053.629,87.817062,0.252746,1
A10,2054.129,90.117607,0.255561,1
A10,2054.629,88.028397,0.255657,1
A10,2055.129,86.029449,0.253475,1
A10,2055.629,85.551201,0.250567,1
A10,2056.129,86.111633,0.247359,1
A10,2056.629,87.556847,0.244056,1
A10,2057.129,88.972145,0.232544,1
A10,2057.629,90.065468,0.218411,1
A10,2058.129,89.496277,0.231454,1
A10,2058.629,86.836555,0.253173,1
A10,2059.129,82.695641,0.236847,1
A10,2059.629,77.268059,0.208374,1
A10,2060.129,75.15004,0.205782,1
A10,2060.629,77.809097,0.211453,1
A10,2061.129,80.476517,0.214276,0
A10,2061.629,81.629684,0.21619,0
A10,2062.129,81.398293,0.229986,0
A10,2062.629,79.823769,0.247575,0
A10,2063.129,81.084358,0.259012,0
A10,2063.629,86.514145,0.268484,0
A10,2064.129,90.499016,0.256461,0
A10,2064.629,91.246445,0.237576,0
A10,2065.129,88.545624,0.245424,0
A10,2065.629,82.329231,0.261807,0
A10,2066.129,77.7257,0.263641,0
A10,2066.629,76.372475,0.260829,0
A10,2067.129,75.557983,0.266053,0
A10,2067.629,74.416489,0.273844,0
A10,2068.129,72.715614,0.270574,0
A10,2068.629,70.381142,0.263773,0
A10,2069.129,70.981834,0.255957,1
A10,2069.629,75.657166,0.247817,1
A10,2070.129,79.989235,0.235743,1
A10,2070.629,82.567459,0.222412,1
A10,2071.129,82.073067,0.223434,1
A10,2071.629,78.084976,0.229039,1
A10,2072.129,75.912788,0.241182,1
A10,2072.629,77.251778,0.255412,1
A10,2073.129,79.577942,0.253899,1
A10,2073.629,82.085396,0.24736,1
A10,2074.129,84.045586,0.229058,1
A10,2074.629,85.225899,0.207,1
A10,2075.129,84.225708,0.238747,1
A10,2075.629,80.597801,0.287672,2
A10,2076.129,77.230309,0.285704,2
A10,2076.629,75.045364,0.267486,2
A10,2077.129,76.526428,0.263442,2
A10,2077.629,82.466431,0.263923,2
A10,2078.129,86.046318,0.252915,2
A10,2078.629,85.088867,0.238239,2
A10,2079.129,83.072083,0.238522,2
A10,2079.629,81.106461,0.243582,2
A10,2080.129,82.672134,0.233942,2
A10,2080.629,88.880272,0.219609,2
A10,2081.129,92.849815,0.217426,2
A10,2081.629,92.38372,0.219123,2
A10,2082.129,89.921455,0.227905,2
A10,2082.629,86.24192,0.238948,2
A10,2083.129,84.023979,0.239052,2
A10,2083.629,84.122978,0.235663,2
A10,2084.129,83.9702,0.243922,2
A10,2084.629,82.745483,0.255899,0
A10,2085.129,80.788582,0.261377,0
A10,2085.629,78.207962,0.26478,0
A10,2086.129,75.069695,0.263892,0
A10,2086.629,71.394882,0.261634,0
A10,2087.129,69.769478,0.183323,0
A10,2087.629,71.019135,0.148947,0
A10,2088.129,73.993568,0.141526,0
A10,2088.629,78.325478,0.135757,0
A10,2089.129,80.019524,0.143041,0
A10,2089.629,77.800041,0.154493,0
A10,2090.129,76.012527,0.160442,0
A10,2090.629,76.044449,0.164634,0
A10,2091.129,77.459602,0.146972,0
A10,2091.629,80.11869,0.122331,0
A10,2092.129,81.218658,0.122234,0
A10,2092.629,79.864494,0.129972,0
A10,2093.129,78.302498,0.143778,0
A10,2093.629,77.24987,0.159521,0
A10,2094.129,76.672073,0.160086,0
A10,2094.629,76.558067,0.155805,0
A10,2095.129,75.754082,0.170491,0
A10,2095.629,73.891685,0.191234,0
A10,2096.129,72.023155,0.193457,0
A10,2096.629,70.484482,0.189768,0
A10,2097.129,69.302834,0.179036,0
A10,2097.629,68.4869,0.166056,0
A10,2098.129,68.389793,0.157433,0
A10,2098.629,69.124229,0.1502,0
A10,2099.129,70.541695,0.158034,0
A10,2099.629,72.594757,0.170679,0
A10,2100.129,75.404137,0.167228,0
A10,2100.629,79.008408,0.158638,0
A10,2101.129,79.693977,0.143195,0
A10,2101.629,76.275177,0.125563,0
A10,2102.129,72.142937,0.138927,0
A10,2102.629,68.379944,0.162188,0
A10,2103.129,65.709251,0.167094,0
A10,2103.629,64.361725,0.166139,0
A10,2104.129,67.968628,0.152929,0
A10,2104.629,77.689407,0.135805,0
A10,2105.129,86.545219,0.134102,0
A10,2105.629,92.307831,0.137323,0
A10,2106.129,91.000046,0.133082,0
A10,2106.629,81.352013,0.126459,0
A10,2107.129,73.779449,0.145504,0
A10,2107.629,71.608002,0.172744,0
A10,2108.129,71.434677,0.165435,0
A10,2108.629,72.172935,0.147094,0
A10,2109.129,72.403938,0.15113,0
A10,2109.629,71.674644,0.16231,0
A10,2110.129,70.613777,0.158489,0
A10,2110.629,69.422073,0.149877,0
A10,2111.129,68.99955,0.148558,0
A10,2111.629,69.63356,0.149567,0
A10,2112.129,73.228012,0.148395,0
A10,2112.629,80.3908,0.146526,0
A10,2113.129,84.411804,0.149882,0
A10,2113.629,83.148567,0.154905,0
A10,2114.129,79.255348,0.149131,0
A10,2114.629,73.579643,0.13991,0
A10,2115.129,68.659409,0.150837,0
A10,2115.629,65.305016,0.168198,0
A10,2116.129,63.108166,0.18007,0
A10,2116.629,61.938503,0.19019,0
A10,2117.129,61.686878,0.173833,0
A10,2117.629,62.318436,0.149023,0
A10,2118.129,64.857536,0.159866,0
A10,2118.629,69.631264,0.182093,0
A10,2119.129,73.727203,0.180965,0
A10,2119.629,76.215446,0.172381,0
A10,2120.129,77.711838,0.149876,0
A10,2120.629,78.41301,0.122926,0
A10,2121.129,80.510323,0.130299,0
A10,2121.629,84.703468,0.14863,0
A10,2122.129,86.160904,0.147706,0
A10,2122.629,83.339958,0.140634,0
A10,2123.129,77.276421,0.146562,0
A10,2123.629,68.300995,0.156642,0
A10,2124.129,64.488396,0.168726,0
A10,2124.629,68.416771,0.181449,0
A10,2125.129,73.388481,0.174958,0
A10,2125.629,77.265038,0.162332,0
A10,2126.129,80.107224,0.146264,0
A10,2126.629,81.934479,0.129097,0
A10,2127.129,81.87719,0.134429,0
A10,2127.629,79.6577,0.146946,0
A10,2128.129,78.728233,0.157301,0
A10,2128.629,80.191048,0.166966,0
A10,2129.129,84.277596,0.152973,0
A10,2129.629,91.061768,0.131427,0
A10,2130.129,93.657234,0.13286,0
A10,2130.629,89.86525,0.14163,0
A10,2131.129,85.187447,0.132322,0
A10,2131.629,81.380447,0.117241,0
A10,2132.129,79.05101,0.121235,0
A10,2132.629,78.392891,0.131319,0
A10,2133.129,78.713791,0.13762,0
A10,2133.629,79.792664,0.142712,0
A10,2134.129,81.60228,0.141263,0
A10,2134.629,84.133942,0.137726,0
A10,2135.129,87.643913,0.132153,0
A10,2135.629,92.214012,0.12593,0
A10,2136.129,93.905754,0.137028,0
A10,2136.629,91.461639,0.153656,0
A10,2137.129,88.466003,0.157503,0
A10,2137.629,86.063301,0.15727,0
A10,2138.129,85.857658,0.149236,0
A10,2138.629,88.361237,0.138711,0
A10,2139.129,88.890511,0.142229,0
A10,2139.629,85.950073,0.150231,0
A10,2140.129,81.849442,0.163634,0
A10,2140.629,77.326035,0.178763,0
A10,2141.129,73.536507,0.178183,0
A10,2141.629,70.850159,0.172588,0
A10,2142.129,70.741226,0.16184,0
A10,2142.629,73.680428,0.149446,0
A10,2143.129,77.141769,0.146334,0
A10,2143.629,80.318764,0.146186,0
A10,2144.129,80.225021,0.153349,0
A10,2144.629,75.907036,0.162846,0
A10,2145.129,73.536041,0.153326,0
A10,2145.629,75.082443,0.137734,0
A10,2146.129,78.602974,0.142245,0
A10,2146.629,83.477165,0.153175,0
A10,2147.129,87.766228,0.140952,0
A10,2147.629,90.851112,0.121337,0
A10,2148.129,91.435829,0.116669,0
A10,2148.629,89.10659,0.116773,0
A10,2149.129,85.520744,0.141034,0
A10,2149.629,81.207436,0.173009,0
A10,2150.129,80.497925,0.164644,0
A10,2150.629,84.775108,0.1434,0
A10,2151.129,87.425751,0.147308,0
A10,2151.629,86.338326,0.159247,0
A10,2152.129,82.920631,0.163316,0
A10,2152.629,77.622192,0.164873,0
A10,2153.129,75.798965,0.166563,0
A10,2153.629,79.161079,0.168295,0
A10,2154.129,82.709801,0.147876,0
A10,2154.629,84.849091,0.120385,0
A10,2155.129,85.84613,0.13359,0
A10,2155.629,85.786224,0.159789,0
A10,2156.129,86.128616,0.157411,0
A10,2156.629,87.339249,0.14591,0
A10,2157.129,87.940742,0.138062,0
A10,2157.629,87.461395,0.13138,0
A10,2158.129,85.94928,0.128194,0
A10,2158.629,83.419724,0.126123,0
A10,2159.129,80.113342,0.130092,0
A10,2159.629,76.106972,0.13599,0
A10,2160.129,73.813698,0.152152,0
A10,2160.629,74.004013,0.171591,0
A10,2161.129,76.947594,0.162286,0
A10,2161.629,82.730537,0.143802,0
A10,2162.129,89.701935,0.135404,0
A10,2162.629,97.334656,0.130226,0
A10,2163.129,101.49532,0.1334,0
A10,2163.629,100.86419,0.139241,0
A10,2164.129,94.0037,0.150353,0
A10,2164.629,80.454865,0.163147,0
A10,2165.129,71.403625,0.164769,0
A10,2165.629,70.421532,0.162825,0
A10,2166.129,72.489471,0.158516,0
A10,2166.629,76.00489,0.153452,0
A10,2167.129,80.514336,0.149613,0
A10,2167.629,85.873001,0.146165,0
A10,2168.129,89.681618,0.154122,0
A10,2168.629,91.17411,0.165719,0
A10,2169.129,91.356979,0.156468,0
A10,2169.629,90.551598,0.140559,0
A10,2170.129,88.601974,0.147319,0
A10,2170.629,85.458305,0.161316,0
A10,2171.129,82.829147,0.15298,0
A10,2171.629,81.260017,0.137513,0
A10,2172.129,79.930305,0.131664,0
A10,2172.629,78.577995,0.128885,0
A10,2173.129,76.644096,0.131216,0
A10,2173.629,73.950111,0.135178,0
A10,2174.129,71.433586,0.12622,0
A10,2174.629,69.393852,0.113137,0
A10,2175.129,68.300087,0.13468,0
A10,2175.629,68.302101,0.167278,0
A10,2176.129,70.990395,0.152365,0
A10,2176.629,76.87281,0.122283,0
A10,2177.129,81.720016,0.140355,0
A10,2177.629,84.181641,0.173802,0
A10,2178.129,85.271423,0.165433,0
A10,2178.629,85.313049,0.143713,0
A10,2179.129,84.959129,0.143329,0
A10,2179.629,84.418053,0.149759,0
A10,2180.129,84.70768,0.132248,0
A10,2180.629,86.153015,0.107094,0
A10,2181.129,87.717155,0.10972,0
A10,2181.629,89.069016,0.121216,0
A10,2182.129,86.25531,0.138181,0
A10,2182.629,78.013794,0.156892,0
A10,2183.129,72.401733,0.165002,0
A10,2183.629,71.991737,0.169727,0
A10,2184.129,75.035873,0.150711,0
A10,2184.629,80.976067,0.124114,0
A10,2185.129,83.733704,0.127971,0
A10,2185.629,81.36792,0.141552,0
A10,2186.129,79.197197,0.150198,0
A10,2186.629,78.919662,0.157267,0
A10,2187.129,80.20079,0.162642,0
A10,2187.629,82.933784,0.167476,0
A10,2188.129,85.150726,0.146564,0
A10,2188.629,86.223289,0.117432,0
A10,2189.129,85.586327,0.12254,0
A10,2189.629,83.059364,0.138582,0
A10,2190.129,78.705238,0.137183,0
A10,2190.629,72.543999,0.130216,0
A10,2191.129,68.615295,0.144708,0
A10,2191.629,68.208946,0.166051,0
A10,2192.129,70.086967,0.166103,0
A10,2192.629,73.85408,0.159358,0
A10,2193.129,79.696999,0.150152,0
A10,2193.629,87.675346,0.140159,0
A10,2194.129,91.34536,0.141634,0
A10,2194.629,88.649612,0.146771,0
A10,2195.129,84.634727,0.161304,0
A10,2195.629,80.912025,0.178838,0
A10,2196.129,78.010925,0.154036,0
A10,2196.629,76.100449,0.115717,0
A10,2197.129,76.256531,0.120057,0
A10,2197.629,78.822723,0.138018,0
A10,2198.129,82.09478,0.155189,0
A10,2198.629,85.528542,0.172107,0
A10,2199.129,88.827499,0.162242,0
A10,2199.629,91.89698,0.143825,0
A10,2200.129,92.615067,0.146276,0
A10,2200.629,90.304214,0.15539,0
A10,2201.129,88.148727,0.152705,0
A10,2201.629,87.165314,0.146253,0
A10,2202.129,89.269485,0.134237,0
A10,2202.629,95.072853,0.120446,0
A10,2203.129,97.795059,0.12255,0
A10,2203.629,95.271217,0.129729,0
A10,2204.129,90.81678,0.125316,0
A10,2204.629,85.490356,0.117202,0
A10,2205.129,80.925941,0.132003,0
A10,2205.629,77.645241,0.15412,0
A10,2206.129,76.111015,0.17249,0
A10,2206.629,76.471008,0.189664,0
A10,2207.129,77.531464,0.179744,0
A10,2207.629,78.911224,0.161174,0
A10,2208.129,79.517799,0.151916,0
A10,2208.629,79.002365,0.14563,0
A10,2209.129,78.9627,0.153608,0
A10,2209.629,79.908951,0.166141,0
A10,2210.129,81.025146,0.154657,0
A10,2210.629,82.050735,0.135504,0
A10,2211.129,81.217751,0.130766,0
A10,2211.629,77.9617,0.13063,0
A10,2212.129,74.632217,0.128124,0
A10,2212.629,71.97953,0.124861,0
A10,2213.129,70.547173,0.144422,0
A10,2213.629,70.508698,0.171272,0
A10,2214.129,76.162582,0.161252,0
A10,2214.629,88.881294,0.13946,0
A10,2215.129,98.681419,0.131893,0
A10,2215.629,102.37535,0.128869,0
A10,2216.129,101.52913,0.117288,0
A10,2216.629,96.642799,0.102975,0
A10,2217.129,90.601013,0.105077,0
A10,2217.629,84.324821,0.11242,0
A10,2218.129,80.39679,0.136017,0
A10,2218.629,79.641518,0.164803,0
A10,2219.129,81.457909,0.152324,0
A10,2219.629,85.654045,0.12667,0
A10,2220.129,86.589638,0.141314,0
A10,2220.629,82.463783,0.168826,0
A10,2221.129,79.101601,0.172846,0
A10,2221.629,78.362968,0.169366,0
A10,2222.129,80.190598,0.157513,0
A10,2222.629,84.566177,0.142986,0
A10,2223.129,88.533463,0.139802,0
A10,2223.629,91.148544,0.14024,0
A10,2224.129,92.795258,0.139428,0
A10,2224.629,93.596146,0.138217,0
A10,2225.129,93.458397,0.138809,0
A10,2225.629,92.352371,0.139976,0
A10,2226.129,90.624908,0.124409,0
A10,2226.629,88.386757,0.103499,0
A10,2227.129,86.537727,0.11686,0
A10,2227.629,85.365135,0.141164,0
A10,2228.129,85.12925,0.141294,0
A10,2228.629,85.913155,0.133706,0
A10,2229.129,84.831779,0.142961,0
A10,2229.629,80.963928,0.157594,0
A10,2230.129,77.689949,0.149518,0
A10,2230.629,76.089149,0.134191,0
A10,2231.129,77.588036,0.124127,0
A10,2231.629,82.642097,0.115745,0
A10,2232.129,83.784569,0.121525,0
A10,2232.629,78.631371,0.131827,0
A10,2233.129,72.754166,0.143073,0
A10,2233.629,67.931908,0.15462,0
A10,2234.129,67.083595,0.154324,0
A10,2234.629,71.141251,0.150247,0
A10,2235.129,75.744492,0.158316,0
A10,2235.629,79.501099,0.170263,0
A10,2236.129,82.371964,0.164779,0
A10,2236.629,84.344589,0.15373,0
A10,2237.129,84.696487,0.138146,0
A10,2237.629,83.196968,0.121114,0
A10,2238.129,81.870621,0.123198,0
A10,2238.629,81.363853,0.131386,0
A10,2239.129,80.876244,0.144247,0
A10,2239.629,80.152237,0.158599,0
A10,2240.129,77.967827,0.161201,0
A10,2240.629,73.932205,0.160053,0
A10,2241.129,70.412971,0.166568,0
A10,2241.629,68.166061,0.17553,0
A10,2242.129,67.033669,0.185349,0
A10,2242.629,66.965393,0.195441,0
A10,2243.129,69.011131,0.175401,0
A10,2243.629,73.506111,0.14574,0
A10,2244.129,77.526337,0.13097,0
A10,2244.629,80.138222,0.120955,0
A10,2245.129,81.569382,0.131657,0
A10,2245.629,81.892509,0.148974,0
A10,2246.129,80.104568,0.163531,0
A10,2246.629,75.8853,0.177207,0
A10,2247.129,73.158218,0.177064,0
A10,2247.629,73.176064,0.172509,0
A10,2248.129,75.117989,0.164852,0
A10,2248.629,78.721878,0.156203,0
A10,2249.129,81.096642,0.159426,0
A10,2249.629,81.319176,0.166439,0
A10,2250.129,81.345573,0.159062,0
A10,2250.629,81.800407,0.14709,0
A10,2251.129,82.559685,0.143361,0
A10,2251.629,83.583824,0.142264,0
A10,2252.129,82.405251,0.1539,0
A10,2252.629,78.236092,0.169602,0
A10,2253.129,75.352692,0.165565,0
A10,2253.629,75.120445,0.155226,0
A10,2254.129,77.512138,0.159498,0
A10,2254.629,82.519058,0.168436,0
A10,2255.129,82.476234,0.17532,0
A10,2255.629,74.936317,0.181549,0
A10,2256.129,68.373901,0.181645,0
A10,2256.629,65.494843,0.179784,0
A10,2257.129,66.994354,0.171683,0
A10,2257.629,73.094437,0.161589,0
A10,2258.129,78.347466,0.160392,0
A10,2258.629,81.014069,0.162036,0
A10,2259.129,81.796799,0.160286,0
A10,2259.629,80.919968,0.157451,0
A10,2260.129,78.021461,0.162609,0
A10,2260.629,72.985657,0.170319,0
A10,2261.129,72.984535,0.154742,0
A10,2261.629,80.308037,0.131729,0
A10,2262.129,87.140945,0.133091,0
A10,2262.629,90.987984,0.142234,0
A10,2263.129,88.767609,0.146882,0
A10,2263.629,79.495934,0.150094,0
A10,2264.129,74.33387,0.151989,0
A10,2264.629,76.844971,0.153465,0
A10,2265.129,80.804337,0.14615,0
A10,2265.629,84.224434,0.136028,0
A10,2266.129,84.069939,0.144109,0
A10,2266.629,79.371719,0.158003,0
A10,2267.129,75.549904,0.158726,0
A10,2267.629,74.335091,0.155244,0
A10,2268.129,74.693474,0.157384,0
A10,2268.629,76.294991,0.16132,0
A10,2269.129,79.338631,0.151379,0
A10,2269.629,83.887917,0.137007,0
A10,2270.129,86.773148,0.155863,0
A10,2270.629,86.982269,0.185327,0
A10,2271.129,85.5354,0.177767,0
A10,2271.629,82.758247,0.158385,0
A10,2272.129,78.592377,0.153876,0
A10,2272.629,73.019119,0.154116,0
A10,2273.129,70.627464,0.148395,0
A10,2273.629,72.882607,0.14077,0
A10,2274.129,76.993301,0.136537,0
A10,2274.629,82.068367,0.133387,0
A10,2275.129,83.190186,0.129501,0
A10,2275.629,78.78862,0.125379,0
A10,2276.129,75.581306,0.128315,0
A10,2276.629,75.71312,0.133505,0
A10,2277.129,77.747818,0.14297,0
A10,2277.629,81.226845,0.153799,0
A10,2278.129,82.759682,0.155657,0
A10,2278.629,81.263786,0.15465,0
A10,2279.129,80.411087,0.163806,0
A10,2279.629,81.373978,0.176208,0
A10,2280.129,83.427284,0.168853,0
A10,2280.629,86.339493,0.155191,0
A10,2281.129,85.738487,0.142535,0
A10,2281.629,80.228317,0.1302,0
A10,2282.129,75.408684,0.137727,0
A10,2282.629,73.067505,0.151595,0
A10,2283.129,72.930855,0.154637,0
A10,2283.629,74.911255,0.154222,0
A10,2284.129,79.524696,0.148473,0
A10,2284.629,86.935928,0.14102,0
A10,2285.129,91.885841,0.1481,0
A10,2285.629,92.695236,0.15982,0
A10,2286.129,89.351662,0.169528,0
A10,2286.629,81.851128,0.178594,0
A10,2287.129,76.415825,0.174822,0
A10,2287.629,75.032425,0.166952,1
A10,2288.129,76.056046,0.161938,1
A10,2288.629,78.961487,0.157836,1
A10,2289.129,83.962151,0.156741,1
A10,2289.629,91.126167,0.156607,1
A10,2290.129,94.461784,0.153919,1
A10,2290.629,92.055878,0.150414,1
A10,2291.129,88.753548,0.151531,0
A10,2291.629,86.101791,0.154124,0
A10,2292.129,84.842506,0.154252,0
A10,2292.629,85.212593,0.153593,0
A10,2293.129,84.746902,0.162477,0
A10,2293.629,82.658356,0.174408,0
A10,2294.129,79.516045,0.172407,0
A10,2294.629,75.501701,0.165957,0
A10,2295.129,70.383713,0.175744,0
A10,2295.629,64.088127,0.190715,0
A10,2296.129,60.601654,0.190779,0
A10,2296.629,61.197212,0.186083,0
A10,2297.129,63.193752,0.177751,0
A10,2297.629,65.735245,0.168258,0
A10,2298.129,67.920959,0.177144,0
A10,2298.629,69.463326,0.1919,0
A10,2299.129,70.88269,0.173304,0
A10,2299.629,72.345207,0.144059,0
A10,2300.129,73.708221,0.143641,0
A10,2300.629,74.926193,0.152428,0
A10,2301.129,75.768951,0.158997,0
A10,2301.629,76.163033,0.164858,0
A10,2302.129,75.417915,0.163374,0
A10,2302.629,73.313164,0.159546,0
A10,2303.129,71.45005,0.146652,0
A10,2303.629,70.339851,0.130865,0
A10,2304.129,72.924538,0.152035,0
A10,2304.629,80.143456,0.185006,0
A10,2305.129,86.340462,0.176542,0
A10,2305.629,89.709618,0.154848,0
A10,2306.129,91.137054,0.152292,0
A10,2306.629,90.905678,0.155847,0
A10,2307.129,88.821655,0.158944,0
A10,2307.629,84.823097,0.161896,0
A10,2308.129,82.240913,0.158831,0
A10,2308.629,82.138634,0.153845,0
A10,2309.129,83.233238,0.148246,0
A10,2309.629,85.115112,0.142451,0
A10,2310.129,83.618561,0.131649,0
A10,2310.629,77.413521,0.119247,0
A10,2311.129,73.419022,0.122379,0
A10,2311.629,73.844231,0.130471,0
A10,2312.129,77.320656,0.136087,0
A10,2312.629,83.411362,0.140912,0
A10,2313.129,85.49511,0.140066,0
A10,2313.629,81.457825,0.137409,0
A10,2314.129,77.666206,0.138102,0
A10,2314.629,76.153084,0.139864,0
A10,2315.129,76.659103,0.157211,0
A10,2315.629,79.101479,0.179535,0
A10,2316.129,82.868515,0.157815,0
A10,2316.629,87.764893,0.122033,0
A10,2317.129,93.021851,0.119537,0
A10,2317.629,98.393929,0.127668,0
A10,2318.129,103.88284,0.12568,0
A10,2318.629,109.48914,0.120461,0
A10,2319.129,107.73387,0.141397,0
A10,2319.629,96.229095,0.170683,0
A10,2320.129,84.929276,0.173602,1
A10,2320.629,77.012756,0.168101,1
A10,2321.129,73.356789,0.160565,1
A10,2321.629,74.241455,0.152379,1
A10,2322.129,75.547394,0.162135,0
A10,2322.629,75.959335,0.17762,0
A10,2323.129,76.600807,0.160651,0
A10,2323.629,77.830544,0.133319,0
A10,2324.129,79.958084,0.131362,0
A10,2324.629,83.082268,0.137508,0
A10,2325.129,85.634674,0.142641,0
A10,2325.629,87.114532,0.14745,0
A10,2326.129,87.893372,0.141504,0
A10,2326.629,88.089844,0.132125,0
A10,2327.129,87.543106,0.150817,0
A10,2327.629,86.20182,0.178472,0
A10,2328.129,84.658112,0.184908,0
A10,2328.629,83.101028,0.184568,0
A10,2329.129,82.699722,0.165771,0
A10,2329.629,83.827507,0.14108,0
A10,2330.129,87.993736,0.133167,0
A10,2330.629,95.680328,0.130611,0
A10,2331.129,99.069595,0.127905,0
A10,2331.629,95.665443,0.12515,0
A10,2332.129,89.321114,0.121715,0
A10,2332.629,81.266914,0.118064,0
A10,2333.129,73.274384,0.133358,0
A10,2333.629,65.909172,0.154702,0
A10,2334.129,63.224506,0.150647,0
A10,2334.629,66.514542,0.138484,0
A10,2335.129,72.088158,0.134533,0
A10,2335.629,78.766808,0.133204,0
A10,2336.129,82.550819,0.141619,0
A10,2336.629,82.163139,0.153145,0
A10,2337.129,81.064056,0.145567,0
A10,2337.629,80.358391,0.131891,0
A10,2338.129,79.853455,0.131789,0
A10,2338.629,79.487709,0.136021,0
A10,2339.129,78.981773,0.141466,0
A10,2339.629,78.24646,0.147298,0
A10,2340.129,78.544273,0.144749,0
A10,2340.629,80.27832,0.139524,0
A10,2341.129,82.786156,0.127039,0
A10,2341.629,85.856255,0.112236,0
A10,2342.129,87.473633,0.115406,0
A10,2342.629,86.994911,0.124316,0
A10,2343.129,85.714264,0.134905,0
A10,2343.629,84.044907,0.146031,0
A10,2344.129,82.015572,0.165066,0
A10,2344.629,79.635429,0.186625,0
A10,2345.129,76.300873,0.170757,0
A10,2345.629,71.819176,0.142938,0
A10,2346.129,70.250099,0.147053,0
A10,2346.629,72.8899,0.161364,0
A10,2347.129,79.200783,0.153833,0
A10,2347.629,89.011024,0.139328,0
A10,2348.129,94.712128,0.14107,0
A10,2348.629,93.874779,0.148001,0
A10,2349.129,92.61467,0.151144,0
A10,2349.629,92.884476,0.153079,0
A10,2350.129,94.726196,0.158571,0
A10,2350.629,98.153236,0.165198,0
A10,2351.129,98.12989,0.168049,0
A10,2351.629,93.048294,0.169694,0
A10,2352.129,87.477608,0.183515,0
A10,2352.629,82.876701,0.201224,0
A10,2353.129,79.596809,0.188167,0
A10,2353.629,77.750076,0.165287,0
A10,2354.129,77.083115,0.169021,0
A10,2354.629,77.515022,0.181251,0
A10,2355.129,77.552773,0.166359,0
A10,2355.629,76.719673,0.142807,0
A10,2356.129,74.552994,0.143316,0
A10,2356.629,70.905006,0.151507,0
A10,2357.129,68.446457,0.142469,0
A10,2357.629,68.030106,0.12793,0
A10,2358.129,68.677765,0.142424,0
A10,2358.629,70.077126,0.166189,0
A10,2359.129,72.29892,0.170065,0
A10,2359.629,75.365746,0.16759,0
A10,2360.129,79.196587,0.151527,0
A10,2360.629,83.765572,0.131126,0
A10,2361.129,88.195747,0.12271,0
A10,2361.629,92.207123,0.118121,0
A10,2362.129,95.092682,0.111482,0
A10,2362.629,96.626701,0.104188,0
A10,2363.129,97.216003,0.107362,0
A10,2363.629,96.990486,0.113878,0
A10,2364.129,95.861137,0.129287,0
A10,2364.629,93.799522,0.147535,0
A10,2365.129,89.941154,0.155778,0
A10,2365.629,84.010017,0.160827,0
A10,2366.129,78.501457,0.156607,0
A10,2366.629,74.212196,0.149427,0
A10,2367.129,71.365585,0.145472,0
A10,2367.629,70.032913,0.142548,0
A10,2368.129,72.207397,0.151667,0
A10,2368.629,78.525436,0.164631,0
A10,2369.129,83.09877,0.158255,0
A10,2369.629,84.04734,0.145704,0
A10,2370.129,83.004471,0.146272,0
A10,2370.629,80.491646,0.15103,0
A10,2371.129,78.624809,0.143778,0
A10,2371.629,78.079575,0.132692,0
A10,2372.129,78.80529,0.133127,0
A10,2372.629,80.785805,0.137241,0
A10,2373.129,83.485069,0.138375,0
A10,2373.629,86.731949,0.138558,0
A10,2374.129,88.944801,0.1404,0
A10,2374.629,89.618614,0.142773,0
A10,2375.129,88.646812,0.145933,0
A10,2375.629,85.995361,0.149345,0
A10,2376.129,82.137688,0.149135,0
A10,2376.629,77.224953,0.147769,0
A10,2377.129,73.801346,0.172556,0
A10,2377.629,72.679192,0.205695,0
A10,2378.129,73.258575,0.194572,0
A10,2378.629,75.347954,0.169317,0
A10,2379.129,78.740723,0.157439,0
A10,2379.629,83.370911,0.149833,0
A10,2380.129,83.323891,0.138007,0
A10,2380.629,76.711174,0.124833,0
A10,2381.129,72.067352,0.121795,0
A10,2381.629,72.117424,0.121992,0
A10,2382.129,77.048203,0.132516,0
A10,2382.629,86.919334,0.146336,0
A10,2383.129,92.060555,0.150228,0
A10,2383.629,89.384277,0.150949,0
A10,2384.129,84.97728,0.158453,0
A10,2384.629,80.783012,0.168124,0
A10,2385.129,77.133904,0.169218,0
A10,2385.629,74.136078,0.167575,0
A10,2386.129,73.008278,0.156019,0
A10,2386.629,74.139626,0.141298,0
A10,2387.129,76.797295,0.143218,0
A10,2387.629,80.747276,0.150451,0
A10,2388.129,86.287956,0.148859,0
A10,2388.629,93.514587,0.144448,0
A10,2389.129,96.614372,0.146816,0
A10,2389.629,93.731331,0.15135,0
A10,2390.129,89.101341,0.149965,0
A10,2390.629,84.076881,0.146691,0
A10,2391.129,79.714752,0.163259,0
A10,2391.629,76.352402,0.186161,0
A10,2392.129,77.284561,0.163629,0
A10,2392.629,83.563225,0.12659,0
A10,2393.129,90.302032,0.140207,0
A10,2393.629,95.940811,0.169999,0
A10,2394.129,97.190926,0.157225,0
A10,2394.629,93.002335,0.13086,0
A10,2395.129,88.108353,0.130857,0
A10,2395.629,84.020248,0.139272,0
A10,2396.129,80.596146,0.155157,0
A10,2396.629,77.790733,0.173427,0
A10,2397.129,76.012833,0.171515,0
A10,2397.629,75.392967,0.163158,0
A10,2398.129,76.373962,0.166482,0
A10,2398.629,79.097183,0.173537,0
A10,2399.129,82.34037,0.162031,0
A10,2399.629,85.713249,0.1446,0
A10,2400.129,87.479958,0.151324,0
A10,2400.629,87.086266,0.16576,0
A10,2401.129,84.064034,0.173747,0
A10,2401.629,78.263802,0.179674,0
A10,2402.129,71.630142,0.185753,0
A10,2402.629,64.783966,0.191879,0
A10,2403.129,62.664028,0.189765,0
A10,2403.629,66.847237,0.185019,0
A10,2404.129,70.846458,0.172214,0
A10,2404.629,72.590424,0.156834,0
A10,2405.129,73.131538,0.141547,0
A10,2405.629,72.805801,0.12629,0
A10,2406.129,75.388618,0.119942,0
A10,2406.629,82.085464,0.116437,0
A10,2407.129,87.826218,0.120665,0
A10,2407.629,90.992073,0.127361,0
A10,2408.129,91.957581,0.125567,0
A10,2408.629,90.842339,0.121061,0
A10,2409.129,86.513062,0.138413,0
A10,2409.629,78.607887,0.162744,0
A10,2410.129,73.022842,0.163128,0
A10,2410.629,71.640434,0.155865,0
A10,2411.129,74.057571,0.161048,0
A10,2411.629,80.145554,0.170205,0
A10,2412.129,83.209641,0.163695,0
A10,2412.629,81.112282,0.152184,0
A10,2413.129,78.394623,0.158368,0
A10,2413.629,76.506615,0.170201,0
A10,2414.129,75.491692,0.175607,0
A10,2414.629,75.363716,0.178961,0
A15,1809.8947,72.0816,0.195063,1
A15,1810.3947,73.5151,0.191853,1
A15,1810.8947,78.626,0.189906,0
A15,1811.3947,76.9714,0.191834,3
A15,1811.8947,73.5112,0.195021,2
A15,1812.3947,69.2209,0.198765,2
A15,1812.8947,64.7089,0.197876,2
A15,1813.3947,70.9416,0.190966,2
A15,1813.8947,80.0418,0.186565,0
A15,1814.3947,81.1347,0.186947,0
A15,1814.8947,80.0905,0.190462,1
A15,1815.3947,73.7191,0.196671,0
A15,1815.8947,65.9259,0.197419,2
A15,1816.3947,71.3857,0.190529,2
A15,1816.8947,80.3826,0.185025,2
A15,1817.3947,83.2965,0.183315,0
A15,1817.8947,84.5867,0.182496,0
A15,1818.3947,85.2617,0.181793,0
A15,1818.8947,85.7725,0.182028,0
A15,1819.3947,84.6954,0.18342,0
A15,1819.8947,83.1945,0.182172,0
A15,1820.3947,87.5017,0.17727,1
A15,1820.8947,93.3592,0.172705,1
A15,1821.3947,97.2855,0.169543,0
A15,1821.8947,100.696,0.173033,0
A15,1822.3947,90.7576,0.184578,3
A15,1822.8947,77.2558,0.190115,1
A15,1823.3947,79.3603,0.185889,1
A15,1823.8947,85.63,0.183024,1
A15,1824.3947,84.7747,0.184487,0
A15,1824.8947,82.0178,0.190152,0
A15,1825.3947,73.1328,0.199985,2
A15,1825.8947,62.6122,0.203727,2
A15,1826.3947,65.9183,0.198637,1
A15,1826.8947,72.9145,0.191583,3
A15,1827.3947,80.2235,0.184396,3
A15,1827.8947,87.6159,0.184375,2
A15,1828.3947,80.732,0.193466,2
A15,1828.8947,70.0378,0.197401,2
A15,1829.3947,72.8329,0.192371,2
A15,1829.8947,79.228,0.189714,2
A15,1830.3947,77.1128,0.192456,0
A15,1830.8947,72.7263,0.194376,1
A15,1831.3947,73.2636,0.193816,1
A15,1831.8947,75.1152,0.187663,1
A15,1832.3947,86.8042,0.175086,0
A15,1832.8947,101.119,0.173081,0
A15,1833.3947,90.4764,0.186183,0
A15,1833.8947,73.1733,0.196048,2
A15,1834.3947,69.5353,0.197779,2
A15,1834.8947,69.5445,0.19585,2
A15,1835.3947,73.1905,0.191455,2
A15,1835.8947,77.8071,0.18938,0
A15,1836.3947,76.7954,0.190902,0
A15,1836.8947,74.2815,0.193832,0
A15,1837.3947,71.0072,0.197588,2
A15,1837.8947,67.5299,0.198491,2
A15,1838.3947,69.7239,0.19556,2
A15,1838.8947,73.4316,0.193128,2
A15,1839.3947,74.6816,0.192349,1
A15,1839.8947,75.2758,0.191481,2
A15,1840.3947,77.2185,0.190061,1
A15,1840.8947,79.521,0.186437,1
A15,1841.3947,85.2755,0.180168,0
A15,1841.8947,91.9513,0.177802,3
A15,1842.3947,89.2276,0.181086,3
A15,1842.8947,83.9953,0.187571,0
A15,1843.3947,75.1651,0.196604,2
A15,1843.8947,65.3746,0.200001,2
A15,1844.3947,68.3866,0.19558,1
A15,1844.8947,74.8156,0.18928,0
A15,1845.3947,81.9506,0.182686,0
A15,1845.8947,89.2739,0.18272,2
A15,1846.3947,82.1725,0.191227,2
A15,1846.8947,71.2212,0.197769,2
A15,1847.3947,67.5905,0.19956,3
A15,1847.8947,65.9136,0.19903,3
A15,1848.3947,67.9953,0.196827,3
A15,1848.8947,71.0802,0.193183,0
A15,1849.3947,76.7981,0.188159,0
A15,1849.8947,83.2187,0.189951,0
A15,1850.3947,74.1989,0.200744,2
A15,1850.8947,61.0582,0.206027,2
A15,1851.3947,62.864,0.201926,1
A15,1851.8947,68.6588,0.196738,1
A15,1852.3947,72.979,0.192676,0
A15,1852.8947,76.9055,0.1911,0
A15,1853.3947,76.5356,0.192374,3
A15,1853.8947,75.0189,0.192158,3
A15,1854.3947,77.3789,0.189294,1
A15,1854.8947,80.7735,0.188589,1
A15,1855.3947,78.2154,0.191329,0
A15,1855.8947,74.0686,0.193286,2
A15,1856.3947,73.7652,0.193336,0
A15,1856.8947,74.4875,0.192901,0
A15,1857.3947,75.0091,0.192361,1
A15,1857.8947,75.4772,0.196758,1
A15,1858.3947,65.1061,0.207435,1
A15,1858.8947,51.8421,0.210503,2
A15,1859.3947,57.8457,0.202254,2
A15,1859.8947,68.9917,0.196211,2
A15,1860.3947,71.1599,0.195984,1
A15,1860.8947,70.9321,0.196026,1
A15,1861.3947,72.3325,0.194857,0
A15,1861.8947,74.1674,0.196219,2
A15,1862.3947,69.5194,0.20111,2
A15,1862.8947,63.1412,0.198912,3
A15,1863.3947,73.643,0.186791,2
A15,1863.8947,88.6499,0.180828,2
A15,1864.3947,86.6736,0.185312,2
A15,1864.8947,80.1646,0.186939,2
A15,1865.3947,83.7809,0.182157,0
A15,1865.8947,90.0994,0.181206,0
A15,1866.3947,84.976,0.186817,1
A15,1866.8947,76.7988,0.192416,2
A15,1867.3947,71.7366,0.196251,2
A15,1867.8947,67.5058,0.195709,2
A15,1868.3947,72.7269,0.190092,2
A15,1868.8947,80.4707,0.183235,2
A15,1869.3947,88.4114,0.176164,2
A15,1869.8947,96.4047,0.175784,0
A15,1870.3947,89.7501,0.183938,1
A15,1870.8947,79.1861,0.189511,1
A15,1871.3947,77.601,0.189536,1
A15,1871.8947,78.4123,0.189279,1
A15,1872.3947,77.7474,0.190145,0
A15,1872.8947,76.6886,0.19279,0
A15,1873.3947,72.5336,0.19739,2
A15,1873.8947,67.5523,0.201768,2
A15,1874.3947,63.5854,0.205345,2
A15,1874.8947,59.8892,0.203509,2
A15,1875.3947,66.9352,0.19503,2
A15,1875.8947,76.8481,0.189606,0
A15,1876.3947,77.879,0.189826,0
A15,1876.8947,76.5392,0.192414,0
A15,1877.3947,73.1383,0.196497,0
A15,1877.8947,69.1873,0.197562,0
A15,1878.3947,70.6865,0.194403,0
A15,1878.8947,73.6403,0.197512,0
A15,1879.3947,62.413,0.20969,2
A15,1879.8947,47.4008,0.218877,2
A15,1880.3947,42.8867,0.221855,2
A15,1880.8947,41.1744,0.221893,2
A15,1881.3947,42.8662,0.219861,2
A15,1881.8947,45.4664,0.218889,2
A15,1882.3947,44.8576,0.219811,2
A15,1882.8947,43.3922,0.221564,2
A15,1883.3947,41.3813,0.223867,2
A15,1883.8947,39.2247,0.22215,2
A15,1884.3947,45.7213,0.215198,2
A15,1884.8947,54.5272,0.205964,2
A15,1885.3947,65.8641,0.195236,2
A15,1885.8947,77.8764,0.188503,1
A15,1886.3947,80.5142,0.187229,1
A15,1886.8947,80.6499,0.186071,1
A15,1887.3947,82.6827,0.183606,1
A15,1887.8947,85.2219,0.183705,1
A15,1888.3947,82.2816,0.187402,1
A15,1888.8947,77.8789,0.189887,1
A15,1889.3947,77.5233,0.189877,1
A15,1889.8947,78.248,0.187893,1
A15,1890.3947,81.6429,0.184077,3
A15,1890.8947,85.7504,0.185115,3
A15,1891.3947,79.1424,0.192791,3
A15,1891.8947,69.6746,0.198528,2
A15,1892.3947,67.1805,0.200037,2
A15,1892.8947,66.5477,0.196308,2
A15,1893.3947,75.2256,0.187072,1
A15,1893.8947,86.3884,0.182409,1
A15,1894.3947,85.3227,0.185007,1
A15,1894.8947,80.9933,0.18949,2
A15,1895.3947,75.735,0.194423,2
A15,1895.8947,70.2288,0.196339,1
A15,1896.3947,71.2928,0.194313,1
A15,1896.8947,74.1102,0.193472,1
A15,1897.3947,73.0395,0.195183,1
A15,1897.8947,70.931,0.193267,2
A15,1898.3947,77.4532,0.186074,2
A15,1898.8947,86.2788,0.183071,1
A15,1899.3947,83.8089,0.186783,1
A15,1899.8947,78.3243,0.190424,1
A15,1900.3947,76.0377,0.192182,2
A15,1900.8947,74.6045,0.189915,2
A15,1901.3947,80.7166,0.183054,2
A15,1901.8947,88.8425,0.179939,1
A15,1902.3947,86.9709,0.182796,1
A15,1902.8947,82.431,0.184836,1
A15,1903.3947,82.567,0.184247,2
A15,1903.8947,83.9511,0.184376,2
A15,1904.3947,82.9313,0.186118,2
A15,1904.8947,81.2699,0.184183,2
A15,1905.3947,87.7223,0.17716,2
A15,1905.8947,96.3401,0.172152,3
A15,1906.3947,98.58,0.171056,2
A15,1906.8947,99.1177,0.170121,2
A15,1907.3947,100.748,0.168349,2
A15,1907.8947,102.669,0.168635,2
A15,1908.3947,100.01,0.171751,2
A15,1908.8947,96.1285,0.168218,2
A15,1909.3947,99.1553,0.159452,3
A15,1909.8947,104.026,0.15729,3
A15,1910.3947,101.727,0.160664,1
A15,1910.8947,97.5152,0.161632,2
A15,1911.3947,99.9,0.158355,2
A15,1911.8947,104.045,0.156955,2
A15,1912.3947,102.474,0.159065,3
A15,1912.8947,99.3778,0.159608,3
A15,1913.3947,101.219,0.157227,3
A15,1913.8947,104.379,0.156372,1
A15,1914.3947,103.233,0.158231,1
A15,1914.8947,100.939,0.160479,1
A15,1915.3947,98.5867,0.162494,2
A15,1915.8947,96.2195,0.163925,2
A15,1916.3947,95.2543,0.164677,2
A15,1916.8947,94.6634,0.163928,2
A15,1917.3947,96.8839,0.161457,3
A15,1917.8947,99.8547,0.15946,3
A15,1918.3947,100.994,0.158522,3
A15,1918.8947,101.644,0.158481,2
A15,1919.3947,100.973,0.159291,2
A15,1919.8947,99.9497,0.160073,2
A15,1920.3947,99.4798,0.160591,2
A15,1920.8947,99.1576,0.158953,2
A15,1921.3947,102.718,0.154655,1
A15,1921.8947,107.316,0.158615,3
A15,1922.3947,93.6537,0.173744,3
A15,1922.8947,75.1186,0.186234,2
A15,1923.3947,67.2236,0.192399,2
A15,1923.8947,62.1684,0.194769,2
A15,1924.3947,61.661,0.194018,2
A15,1924.8947,62.3674,0.193191,2
A15,1925.3947,62.629,0.193102,2
A15,1925.8947,62.772,0.191315,2
A15,1926.3947,66.7988,0.187182,2
A15,1926.8947,71.8623,0.186906,2
A15,1927.3947,67.5293,0.192146,2
A15,1927.8947,60.6885,0.195123,2
A15,1928.3947,61.36,0.193759,2
A15,1928.8947,64.0364,0.191658,2
A15,1929.3947,65.9279,0.189779,2
A15,1929.8947,67.61,0.190794,2
A15,1930.3947,63.5093,0.195416,2
A15,1930.8947,57.8652,0.196541,2
A15,1931.3947,61.2286,0.192272,2
A15,1931.8947,66.9959,0.188364,2
A15,1932.3947,69.4977,0.186354,2
A15,1932.8947,71.1278,0.186621,2
A15,1933.3947,68.9022,0.189268,2
A15,1933.8947,65.6475,0.190676,2
A15,1934.3947,66.0115,0.189881,2
A15,1934.8947,67.3411,0.190839,2
A15,1935.3947,63.6282,0.194605,2
A15,1935.8947,58.5694,0.194195,2
A15,1936.3947,63.879,0.187745,2
A15,1936.8947,71.9558,0.182426,2
A15,1937.3947,75.2467,0.180152,1
A15,1937.8947,77.2603,0.183418,1
A15,1938.3947,68.9001,0.192887,2
A15,1938.8947,57.7713,0.195805,2
A15,1939.3947,62.6578,0.188767,2
A15,1939.8947,71.8187,0.185241,0
A15,1940.3947,69.802,0.188822,2
A15,1940.8947,64.8021,0.189221,2
A15,1941.3947,69.3286,0.183691,2
A15,1941.8947,76.3975,0.182532,3
A15,1942.3947,71.5617,0.188494,1
A15,1942.8947,63.5487,0.191988,1
A15,1943.3947,64.0991,0.190454,2
A15,1943.8947,66.9351,0.186523,2
A15,1944.3947,72.7342,0.180898,2
A15,1944.8947,79.3241,0.181487,2
A15,1945.3947,71.7621,0.190401,2
A15,1945.8947,60.423,0.193003,2
A15,1946.3947,65.864,0.185387,2
A15,1946.8947,75.7836,0.185038,2
A15,1947.3947,66.4422,0.196625,2
A15,1947.8947,51.9603,0.202191,2
A15,1948.3947,54.9454,0.196941,2
A15,1948.8947,62.5923,0.190269,2
A15,1949.3947,68.5137,0.184682,2
A15,1949.8947,73.9745,0.184394,2
A15,1950.3947,69.0029,0.190534,2
A15,1950.8947,61.247,0.196948,2
A15,1951.3947,55.3434,0.201995,2
A15,1951.8947,49.9341,0.201394,2
A15,1952.3947,56.1228,0.194,2
A15,1952.8947,65.4068,0.189999,3
A15,1953.3947,65.1576,0.19211,3
A15,1953.8947,62.3641,0.1927,1
A15,1954.3947,64.7878,0.189731,1
A15,1954.8947,68.604,0.186658,1
A15,1955.3947,70.7434,0.184405,2
A15,1955.8947,72.4352,0.186407,2
A15,1956.3947,65.9723,0.193583,2
A15,1956.8947,57.333,0.195611,2
A15,1957.3947,62.1807,0.189735,2
A15,1957.8947,70.6279,0.185435,2
A15,1958.3947,71.7222,0.185239,1
A15,1958.8947,70.8541,0.186542,3
A15,1959.3947,68.9802,0.188646,2
A15,1959.8947,66.8378,0.191305,2
A15,1960.3947,63.9316,0.194452,2
A15,1960.8947,60.8215,0.194402,2
A15,1961.3947,64.4687,0.19017,2
A15,1961.8947,69.9194,0.18797,2
A15,1962.3947,69.1778,0.189461,2
A15,1962.8947,66.7834,0.192368,2
A15,1963.3947,62.6221,0.196084,2
A15,1963.8947,57.9892,0.197348,2
A15,1964.3947,59.0125,0.195288,2
A15,1964.8947,61.5454,0.191451,2
A15,1965.3947,66.9399,0.18625,2
A15,1965.8947,73.0982,0.182396,3
A15,1966.3947,75.6536,0.180615,3
A15,1966.8947,77.2474,0.182203,2
A15,1967.3947,72.6858,0.187507,2
A15,1967.8947,66.4813,0.194499,2
A15,1968.3947,58.1884,0.202637,2
A15,1968.8947,49.3381,0.204067,2
A15,1969.3947,54.7938,0.196693,2
A15,1969.8947,64.0676,0.191731,2
A15,1970.3947,64.3383,0.192174,2
A15,1970.8947,62.2062,0.191102,2
A15,1971.3947,66.2016,0.186667,2
A15,1971.8947,71.8324,0.183315,2
A15,1972.3947,74.1257,0.182231,2
A15,1972.8947,75.5282,0.181526,2
A15,1973.3947,76.3383,0.180696,2
A15,1973.8947,76.9903,0.182577,1
A15,1974.3947,71.7083,0.187924,1
A15,1974.8947,64.8425,0.19215,3
A15,1975.3947,62.2405,0.194028,1
A15,1975.8947,60.7764,0.197361,2
A15,1976.3947,55.3172,0.203161,2
A15,1976.8947,48.7918,0.204363,2
A15,1977.3947,53.2363,0.199082,2
A15,1977.8947,60.6087,0.193746,2
A15,1978.3947,64.9024,0.19007,2
A15,1978.8947,68.3745,0.187704,3
A15,1979.3947,69.4648,0.186553,2
A15,1979.8947,69.9194,0.18786,2
A15,1980.3947,66.2815,0.191956,1
A15,1980.8947,61.5515,0.193254,2
A15,1981.3947,63.4303,0.190264,3
A15,1981.8947,67.073,0.188918,2
A15,1982.3947,65.8246,0.1908,2
A15,1982.8947,63.2708,0.193426,2
A15,1983.3947,60.7746,0.196131,2
A15,1983.8947,58.2938,0.197812,2
A15,1984.3947,57.6772,0.198175,2
A15,1984.8947,57.5581,0.196248,2
A15,1985.3947,61.4599,0.191773,2
A15,1985.8947,66.4348,0.187388,2
A15,1986.3947,70.2602,0.183801,2
A15,1986.8947,73.7789,0.183406,2
A15,1987.3947,70.9875,0.186842,2
A15,1987.8947,66.5119,0.190181,2
A15,1988.3947,63.9701,0.192373,1
A15,1988.8947,61.9444,0.19394,2
A15,1989.3947,61.164,0.19502,2
A15,1989.8947,60.7159,0.195468,2
A15,1990.3947,61.0143,0.195245,2
A15,1990.8947,61.512,0.192428,2
A15,1991.3947,67.6906,0.186502,2
A15,1991.8947,75.3854,0.173383,2
A15,1992.3947,96.7528,0.161857,0
A15,1992.8947,121.769,0.141856,0
A15,1993.3947,124.416,0.129762,0
A15,1993.8947,121.092,0.135154,0
A15,1994.3947,123.287,0.12698,0
A15,1994.8947,126.955,0.132683,0
A15,1995.3947,128.737,0.150548,0
A15,1995.8947,130.015,0.148562,0
A15,1996.3947,127.666,0.135544,0
A15,1996.8947,124.348,0.133881,0
A15,1997.3947,121.651,0.141023,0
A15,1997.8947,119.12,0.14281,0
A15,1998.3947,120.759,0.143464,0
A15,1998.8947,123.51,0.124781,0
A15,1999.3947,127.654,0.116889,0
A15,1999.8947,132.171,0.136579,0
A15,2000.3947,128.386,0.143115,0
A15,2000.8947,122.385,0.142392,0
A15,2001.3947,123.166,0.163825,0
A15,2001.8947,125.757,0.168884,0
A15,2002.3947,122.627,0.148746,0
A15,2002.8947,117.97,0.14472,0
A15,2003.3947,118.032,0.143941,0
A15,2003.8947,119.354,0.135526,0
A15,2004.3947,122.239,0.133052,0
A15,2004.8947,125.541,0.139436,0
A15,2005.3947,123.17,0.141817,0
A15,2005.8947,119.286,0.161173,0
A15,2006.3947,121.337,0.171257,0
A15,2006.8947,124.972,0.154179,0
A15,2007.3947,120.484,0.146104,0
A15,2007.8947,113.828,0.145665,0
A15,2008.3947,116.816,0.142915,0
A15,2008.8947,122.377,0.129325,0
A15,2009.3947,124.673,0.119675,0
A15,2009.8947,126.096,0.120158,0
A15,2010.3947,127.297,0.122989,0
A15,2010.8947,128.438,0.128137,0
A15,2011.3947,132.971,0.114641,0
A15,2011.8947,138.41,0.107213,0
A15,2012.3947,134.226,0.129608,0
A15,2012.8947,127.474,0.152922,0
A15,2013.3947,124.506,0.15265,0
A15,2013.8947,122.548,0.139484,0
A15,2014.3947,122.868,0.135895,0
A15,2014.8947,123.795,0.139483,0
A15,2015.3947,121.706,0.142243,0
A15,2015.8947,118.813,0.142336,0
A15,2016.3947,121.256,0.127913,0
A15,2016.8947,125.123,0.105206,0
A15,2017.3947,126.389,0.116325,0
A15,2017.8947,126.961,0.121522,0
A15,2018.3947,132.103,0.101973,0
A15,2018.8947,138.466,0.109758,0
A15,2019.3947,135.251,0.118251,0
A15,2019.8947,129.48,0.123307,0
A15,2020.3947,128.575,0.135576,0
A15,2020.8947,128.968,0.124183,0
A15,2021.3947,126.846,0.14035,0
A15,2021.8947,124.052,0.158571,0
A15,2022.3947,127.616,0.123865,0
A15,2022.8947,132.878,0.115164,0
A15,2023.3947,128.903,0.134087,0
A15,2023.8947,122.462,0.129822,0
A15,2024.3947,122.447,0.084686,0
A15,2024.8947,124.146,0.061096,0
A15,2025.3947,123.443,0.064971,0
A15,2025.8947,122.099,0.059865,0
A15,2026.3947,123.031,0.0705,0
A15,2026.8947,124.571,0.06846,0
A15,2027.3947,121.908,0.056128,0
A15,2027.8947,118.125,0.054166,0
A15,2028.3947,118.065,0.053666,0
A15,2028.8947,119,0.05323,0
A15,2029.3947,119.233,0.053453,0
A15,2029.8947,119.278,0.052795,0
A15,2030.3947,121.103,0.062878,0
A15,2030.8947,123.402,0.066117,0
A15,2031.3947,126.577,0.040218,0
A15,2031.8947,129.986,0.041506,0
A15,2032.3947,125.139,0.06038,0
A15,2032.8947,118.089,0.056028,0
A15,2033.3947,120.823,0.03228,0
A15,2033.8947,126.168,0.025479,0
A15,2034.3947,128.646,0.036451,0
A15,2034.8947,130.359,0.036935,0
A15,2035.3947,130.247,0.04022,0
A15,2035.8947,129.646,0.044677,0
A15,2036.3947,123.25,0.052656,0
A15,2036.8947,115.307,0.057462,0
A15,2037.3947,113.872,0.05813,0
A15,2037.8947,114.173,0.05614,0
A15,2038.3947,118.372,0.034108,0
A15,2038.8947,123.611,0.04864,0
A15,2039.3947,127.199,0.060382,0
A15,2039.8947,130.346,0.056627,0
A15,2040.3947,125.897,0.068797,0
A15,2040.8947,119.421,0.056744,0
A15,2041.3947,120.599,0.045136,0
A15,2041.8947,123.821,0.04418,0
A15,2042.3947,120.184,0.053922,0
A15,2042.8947,114.716,0.056566,0
A15,2043.3947,117.742,0.045952,0
A15,2043.8947,123.034,0.043157,0
A15,2044.3947,123.062,0.050577,0
A15,2044.8947,121.685,0.052243,0
A15,2045.3947,119.739,0.053875,0
A15,2045.8947,117.641,0.054824,0
A15,2046.3947,118.041,0.054223,0
A15,2046.8947,119.107,0.055768,0
A15,2047.3947,122.311,0.065871,0
A15,2047.8947,126.085,0.046189,0
A15,2048.3947,123.786,0.030625,0
A15,2048.8947,119.865,0.047339,0
A15,2049.3947,120.789,0.045702,0
A15,2049.8947,123.005,0.058491,0
A15,2050.3947,122.977,0.067753,0
A15,2050.8947,122.349,0.054689,0
A15,2051.3947,120.954,0.052108,0
A15,2051.8947,119.354,0.053444,0
A15,2052.3947,118.162,0.054407,0
A15,2052.8947,117.078,0.053271,0
A15,2053.3947,120.438,0.032743,0
A15,2053.8947,124.983,0.046003,0
A15,2054.3947,125.335,0.068461,0
A15,2054.8947,124.568,0.054494,0
A15,2055.3947,122.078,0.051635,0
A15,2055.8947,119.128,0.05239,0
A15,2056.3947,120.458,0.055965,0
A15,2056.8947,122.93,0.05736,0
A15,2057.3947,120.729,0.054866,0
A15,2057.8947,117.28,0.054559,0
A15,2058.3947,118.347,0.052758,0
A15,2058.8947,120.619,0.051013,0
A15,2059.3947,121.719,0.054348,0
A15,2059.8947,122.505,0.060578,0
A15,2060.3947,123.873,0.08167,0
A15,2060.8947,125.395,0.067919,0
A15,2061.3947,127.297,0.033442,0
A15,2061.8947,129.302,0.035855,0
A15,2062.3947,130.341,0.035462,0
A15,2062.8947,131.122,0.022766,0
A15,2063.3947,126.194,0.030097,0
A15,2063.8947,119.743,0.053925,0
A15,2064.3947,122.099,0.064299,0
A15,2064.8947,126.807,0.062898,0
A15,2065.3947,130.246,0.055967,0
A15,2065.8947,133.345,0.053583,0
A15,2066.3947,129.439,0.053216,0
A15,2066.8947,123.663,0.052364,0
A15,2067.3947,119.084,0.055152,0
A15,2067.8947,114.825,0.056723,0
A15,2068.3947,115.516,0.055462,0
A15,2068.8947,117.528,0.053327,0
A15,2069.3947,120.003,0.05872,0
A15,2069.8947,122.601,0.056486,0
A15,2070.3947,122.376,0.048346,0
A15,2070.8947,121.398,0.050302,0
A15,2071.3947,120.7,0.051962,0
A15,2071.8947,120.077,0.041121,0
A15,2072.3947,121.989,0.029381,0
A15,2072.8947,124.576,0.037051,0
A15,2073.3947,122.83,0.047985,0
A15,2073.8947,119.927,0.065185,0
A15,2074.3947,88.6232,0.097652,3
A15,2074.8947,49.7395,0.118871,3
A15,2075.3947,42.5109,0.121284,2
A15,2075.8947,43.7307,0.118923,2
A15,2076.3947,46.9521,0.115532,2
A15,2076.8947,50.7076,0.115259,2
A15,2077.3947,47.4455,0.119211,2
A15,2077.8947,42.3104,0.121862,2
A15,2078.3947,41.9064,0.121736,2
A15,2078.8947,42.7651,0.119455,2
A15,2079.3947,46.6165,0.115187,1
A15,2079.8947,51.2666,0.114531,1
A15,2080.3947,47.4428,0.118982,1
A15,2080.8947,41.3573,0.121625,1
A15,2081.3947,41.6882,0.120615,2
A15,2081.8947,43.7315,0.119767,2
A16,1806.4539,77.7888,0.227957,2
A16,1806.9539,76.0943,0.228166,2
A16,1807.4539,77.3038,0.226997,2
A16,1807.9539,78.8086,0.233717,2
A16,1808.4539,75.4729,0.249271,1
A16,1808.9539,71.6451,0.25451,1
A16,1809.4539,71.9597,0.24749,1
A16,1809.9539,72.6956,0.240854,1
A16,1810.4539,70.801,0.235888,2
A16,1810.9539,68.6388,0.226276,2
A16,1811.4539,68.0812,0.211377,2
A16,1811.9539,67.6866,0.21877,2
A16,1812.4539,64.4788,0.251258,2
A16,1812.9539,60.985,0.26296,2
A16,1813.4539,63.7542,0.249211,2
A16,1813.9539,67.1602,0.241159,2
A16,1814.4539,60.6784,0.24197,2
A16,1814.9539,53.1913,0.238899,1
A16,1815.4539,64.8962,0.230651,1
A16,1815.9539,78.5524,0.221372,2
A16,1816.4539,72.5192,0.211484,2
A16,1816.9539,64.484,0.211378,2
A16,1817.4539,69.1532,0.222109,2
A16,1817.9539,75.1141,0.234644,2
A16,1818.4539,72.7249,0.248062,2
A16,1818.9539,69.4866,0.248397,2
A16,1819.4539,74.241,0.234229,3
A16,1819.9539,79.8082,0.229751,3
A16,1820.4539,72.8347,0.237424,2
A16,1820.9539,64.5862,0.234067,2
A16,1821.4539,66.4503,0.217322,1
A16,1821.9539,69.3425,0.210795,1
A16,1822.4539,71.249,0.216888,1
A16,1822.9539,73.0553,0.222622,1
A16,1823.4539,74.3674,0.226678,1
A16,1823.9539,75.6293,0.222505,1
A16,1824.4539,75.0756,0.209437,1
A16,1824.9539,74.3372,0.218322,3
A16,1825.4539,68.5366,0.252297,3
A16,1825.9539,62.2212,0.25961,2
A16,1826.4539,73.4708,0.235,2
A16,1826.9539,86.5063,0.221288,2
A16,1827.4539,84.6029,0.22283,2
A16,1827.9539,81.1806,0.225222,2
A16,1828.4539,79.0509,0.227,2
A16,1828.9539,77.0525,0.227744,2
A16,1829.4539,77.3246,0.227411,2
A16,1829.9539,77.8275,0.226899,1
A16,1830.4539,78.5113,0.226302,1
A16,1830.9539,79.2134,0.222869,1
A16,1831.4539,86.4783,0.216321,1
A16,1831.9539,94.4105,0.212986,0
A16,1832.4539,94.2185,0.213508,0
A16,1832.9539,93.2005,0.212669,0
A16,1833.4539,96.1632,0.209942,3
A16,1833.9539,99.5306,0.209821,3
A16,1834.4539,96.4445,0.212763,3
A16,1834.9539,92.7021,0.214529,1
A16,1835.4539,92.3454,0.214688,1
A16,1835.9539,92.333,0.214978,1
A16,1836.4539,91.6728,0.215575,1
A16,1836.9539,90.9467,0.215209,1
A16,1837.4539,92.5226,0.21375,1
A16,1837.9539,94.3325,0.212406,1
A16,1838.4539,95.6432,0.211298,1
A16,1838.9539,96.9032,0.210748,1
A16,1839.4539,96.9191,0.210789,1
A16,1839.9539,96.8086,0.208906,0
A16,1840.4539,101.29,0.204843,0
A16,1840.9539,106.238,0.203798,0
A16,1841.4539,103.714,0.2063,0
A16,1841.9539,100.431,0.209932,0
A16,1842.4539,95.284,0.21445,1
A16,1842.9539,89.948,0.214324,1
A16,1843.4539,95.5756,0.208994,1
A16,1843.9539,102.318,0.206255,0
A16,1844.4539,101.933,0.206898,0
A16,1844.9539,100.824,0.208354,0
A16,1845.4539,98.5547,0.210361,0
A16,1845.9539,96.1672,0.211629,0
A16,1846.4539,95.6099,0.212029,0
A16,1846.9539,95.2388,0.21373,0
A16,1847.4539,91.6637,0.216951,1
A16,1847.9539,87.7628,0.216243,1
A16,1848.4539,93.3065,0.211052,1
A16,1848.9539,99.8105,0.209226,0
A16,1849.4539,97.5419,0.211566,0
A16,1849.9539,94.3814,0.212209,0
A16,1850.4539,96.0504,0.21056,0
A16,1850.9539,98.2103,0.210294,0
A16,1851.4539,96.6664,0.211787,1
A16,1851.9539,94.7458,0.211863,1
A16,1852.4539,96.4901,0.210199,1
A16,1852.9539,98.6069,0.210526,0
A16,1853.4539,95.7309,0.213223,0
A16,1853.9539,92.3471,0.214119,0
A16,1854.4539,93.6511,0.21279,0
A16,1854.9539,95.4316,0.212121,0
A16,1855.4539,95.2042,0.212405,0
A16,1855.9539,94.7727,0.212894,1
A16,1856.4539,94.0693,0.213512,1
A16,1856.9539,93.3383,0.211762,0
A16,1857.4539,98.1302,0.207392,0
A16,1857.9539,103.484,0.20543,0
A16,1858.4539,102.682,0.20639,0
A16,1858.9539,101.255,0.207919,0
A16,1859.4539,99.1331,0.209778,0
A16,1859.9539,96.9406,0.210616,0
A16,1860.4539,97.1887,0.210295,0
A16,1860.9539,97.6849,0.210964,1
A16,1861.4539,95.6367,0.212841,1
A16,1861.9539,93.3298,0.212777,1
A16,1862.4539,95.7857,0.210451,0
A16,1862.9539,98.7258,0.210144,0
A16,1863.4539,96.4982,0.21229,1
A16,1863.9539,93.7452,0.214668,1
A16,1864.4539,90.9795,0.217052,1
A16,1864.9539,88.2125,0.217055,1
A16,1865.4539,90.9717,0.214435,1
A16,1865.9539,94.2927,0.212147,1
A16,1866.4539,96.2824,0.21049,1
A16,1866.9539,98.1368,0.210358,1
A16,1867.4539,96.5897,0.211841,1
A16,1867.9539,94.6967,0.211233,1
A16,1868.4539,98.0001,0.208159,0
A16,1868.9539,101.832,0.208361,0
A16,1869.4539,97.5317,0.212422,0
A16,1869.9539,92.4047,0.215116,1
A16,1870.4539,91.2807,0.215909,1
A16,1870.9539,90.5638,0.216188,1
A16,1871.4539,90.634,0.216093,1
A16,1871.9539,90.7842,0.214778,1
A16,1872.4539,93.6848,0.212158,1
A16,1872.9539,96.865,0.208624,0
A16,1873.4539,101.886,0.204217,0
A16,1873.9539,107.095,0.204589,0
A16,1874.4539,101.02,0.210319,0
A16,1874.9539,93.7988,0.216417,0
A16,1875.4539,80.7053,0.222376,0
A16,1875.9539,67.0147,0.224946,3
A16,1876.4539,63.8156,0.223797,3
A16,1876.9539,61.6831,0.224934,2
A16,1877.4539,63.1733,0.228967,2
A16,1877.9539,65.0318,0.235507,2
A16,1878.4539,60.1324,0.244515,2
A16,1878.9539,54.546,0.245658,2
A16,1879.4539,59.7993,0.237887,2
A16,1879.9539,66.1548,0.232581,2
A16,1880.4539,63.8876,0.230898,2
A16,1880.9539,60.7437,0.230778,2
A16,1881.4539,63.643,0.232012,2
A16,1881.9539,67.1568,0.230837,2
A16,1882.4539,63.2063,0.226871,2
A16,1882.9539,58.4969,0.225415,2
A16,1883.4539,60.4445,0.227011,2
A16,1883.9539,63.0689,0.231967,2
A16,1884.4539,61.7623,0.240314,2
A16,1884.9539,60.0559,0.239764,2
A16,1885.4539,53.4146,0.229068,2
A16,1885.9539,46.2715,0.224489,2
A16,1886.4539,53.8247,0.227683,2
A16,1886.9539,62.8721,0.235794,2
A16,1887.4539,64.402,0.24853,2
A16,1887.9539,65.1675,0.249363,2
A16,1888.4539,70.3613,0.236611,2
A16,1888.9539,76.0054,0.230223,2
A16,1889.4539,71.1868,0.232227,2
A16,1889.9539,65.3044,0.223299,2
A16,1890.4539,68.6898,0.201475,2
A16,1890.9539,73.0174,0.197287,2
A16,1891.4539,76.6896,0.213841,2
A16,1891.9539,80.2951,0.229565,2
A16,1892.4539,71.2789,0.242265,2
A16,1892.9539,60.9793,0.251862,2
A16,1893.4539,62.427,0.258348,2
A16,1893.9539,65.0691,0.252342,2
A16,1894.4539,67.2861,0.232891,2
A16,1894.9539,69.4599,0.220044,2
A16,1895.4539,63.793,0.21584,2
A16,1895.9539,57.3289,0.219406,2
A16,1896.4539,58.3752,0.230652,2
A16,1896.9539,60.1851,0.227216,2
A16,1897.4539,56.0482,0.206825,2
A16,1897.9539,51.3067,0.205082,2
A16,1898.4539,53.411,0.225606,2
A16,1898.9539,56.2114,0.233809,2
A16,1899.4539,59.527,0.226174,2
A16,1899.9539,62.895,0.22228,2
A16,1900.4539,67.1392,0.224118,2
A16,1900.9539,71.4724,0.224634,2
A16,1901.4539,77.2609,0.223109,2
A16,1901.9539,83.1975,0.225673,2
A16,1902.4539,78.2907,0.232949,2
A16,1902.9539,72.2814,0.238102,2
A16,1903.4539,70.4793,0.240437,2
A16,1903.9539,69.105,0.247251,2
A16,1904.4539,62.7812,0.259285,2
A16,1904.9539,55.9541,0.259013,2
A16,1905.4539,52.2296,0.24465,2
A16,1905.9539,48.8206,0.235538,2
A16,1906.4539,53.7039,0.233643,2
A16,1906.9539,59.4303,0.231365,2
A16,1907.4539,62.4441,0.227929,2
A16,1907.9539,65.182,0.229793,2
A16,1908.4539,61.5086,0.233073,2
A16,1908.9539,57.1833,0.229559,2
A16,1909.4539,65.3969,0.223,2
A16,1909.9539,74.8855,0.218763,2
A16,1910.4539,68.2021,0.217346,3
A16,1910.9539,59.8745,0.223081,2
A16,1911.4539,57.5642,0.236406,2
A16,1911.9539,55.8656,0.23669,2
A16,1912.4539,57.0817,0.221835,2
A16,1912.9539,58.5941,0.2126,2
A16,1913.4539,59.8566,0.211097,2
A16,1913.9539,61.0937,0.220768,2
A16,1914.4539,61.4662,0.24196,2
A16,1914.9539,61.7509,0.249209,2
A16,1915.4539,58.2535,0.239926,2
A16,1915.9539,54.3717,0.22981,2
A16,1916.4539,65.9996,0.220456,2
A16,1916.9539,79.2045,0.22335,1
A16,1917.4539,74.597,0.23966,1
A16,1917.9539,68.1783,0.24455,1
A16,1918.4539,68.3083,0.235494,3
A16,1918.9539,69.1042,0.236932,3
A16,1919.4539,63.2642,0.251352,3
A16,1919.9539,56.7496,0.262637,2
A16,1920.4539,60.4763,0.269151,2
A16,1920.9539,65.2444,0.261803,2
A16,1921.4539,63.3706,0.239671,2
A16,1921.9539,60.8216,0.235977,2
A16,1922.4539,57.7779,0.254101,2
A16,1922.9539,54.684,0.261985,2
A16,1923.4539,54.3595,0.256371,2
A16,1923.9539,54.3167,0.246497,2
A16,1924.4539,55.58,0.233301,2
A16,1924.9539,56.976,0.225822,2
A16,1925.4539,63.6877,0.224979,2
A16,1925.9539,70.9399,0.231957,2
A16,1926.4539,69.8512,0.246878,2
A16,1926.9539,67.9145,0.256028,2
A16,1927.4539,66.4764,0.258013,2
A16,1927.9539,65.089,0.248102,2
A16,1928.4539,73.5702,0.225813,1
A16,1928.9539,83.0548,0.209203,1
A16,1929.4539,74.9635,0.200107,1
A16,1929.9539,65.0851,0.19897,1
A16,1930.4539,65.1806,0.205835,1
A16,1930.9539,66.2903,0.21201,2
A16,1931.4539,70.4976,0.216613,2
A16,1931.9539,75.0199,0.22033,2
A16,1932.4539,74.8499,0.223233,2
A16,1932.9539,74.2029,0.228373,2
A16,1933.4539,66.4116,0.236062,2
A16,1933.9539,57.8939,0.235523,2
A16,1934.4539,65.3988,0.225658,2
A16,1934.9539,74.5329,0.21809,2
A16,1935.4539,79.3476,0.213998,2
A16,1935.9539,83.7232,0.206794,2
A16,1936.4539,96.0682,0.195806,2
A16,1936.9539,109.223,0.188878,0
A16,1937.4539,112.149,0.186805,0
A16,1937.9539,114.035,0.184977,0
A16,1938.4539,116.39,0.182926,0
A16,1938.9539,118.794,0.183606,0
A16,1939.4539,114.812,0.187318,0
A16,1939.9539,110.181,0.188075,0
A16,1940.4539,113.054,0.18527,0
A16,1940.9539,116.69,0.182432,0
A16,1941.4539,119.642,0.179918,0
A16,1941.9539,122.524,0.178261,0
A16,1942.4539,123.489,0.177513,0
A16,1942.9539,124.259,0.177012,0
A16,1943.4539,124.652,0.176689,0
A16,1943.9539,125.007,0.175178,0
A16,1944.4539,128.159,0.17234,0
A16,1944.9539,131.594,0.171109,0
A16,1945.4539,131.016,0.171783,0
A16,1945.9539,130.029,0.171642,0
A16,1946.4539,131.345,0.170407,0
A16,1946.9539,132.895,0.175482,0
A16,1947.4539,119.566,0.187621,0
A16,1947.9539,104.723,0.189835,0
A16,1948.4539,114.428,0.180396,0
A16,1948.9539,126.628,0.175512,0
A16,1949.4539,125.763,0.17683,0
A16,1949.9539,123.57,0.178874,0
A16,1950.4539,121.019,0.181088,0
A16,1950.9539,118.431,0.181918,0
A16,1951.4539,119.092,0.181207,0
A16,1951.9539,120.083,0.180631,0
A16,1952.4539,120.429,0.180362,0
A16,1952.9539,120.708,0.179276,0
A16,1953.4539,122.949,0.177258,0
A16,1953.9539,125.39,0.176135,0
A16,1954.4539,125.556,0.176091,0
A16,1954.9539,125.491,0.177103,0
A16,1955.4539,123.208,0.179167,0
A16,1955.9539,120.701,0.179275,0
A16,1956.4539,122.96,0.177119,0
A16,1956.9539,125.703,0.177276,0
A16,1957.4539,122.594,0.180212,0
A16,1957.9539,118.889,0.18068,0
A16,1958.4539,121.509,0.178145,0
A16,1958.9539,124.771,0.177875,0
A16,1959.4539,122.136,0.180404,0
A16,1959.9539,118.902,0.183567,0
A16,1960.4539,114.795,0.187144,0
A16,1960.9539,110.601,0.185043,0
A16,1961.4539,119.671,0.176646,0
A16,1961.9539,130.09,0.174591,0
A16,1962.4539,124.44,0.180164,0
A16,1962.9539,117.156,0.183231,0
A16,1963.4539,117.32,0.182763,0
A16,1963.9539,118.242,0.184624,0
A16,1964.4539,113.002,0.18941,0
A16,1964.9539,107.136,0.192445,0
A16,1965.4539,105.958,0.193254,0
A16,1965.9539,105.257,0.190555,0
A16,1966.4539,112.222,0.184218,0
A16,1966.9539,119.965,0.180182,0
A16,1967.4539,121.588,0.179052,0
A16,1967.9539,122.589,0.178092,0
A16,1968.4539,123.817,0.177023,0
A16,1968.9539,125.069,0.176801,0
A16,1969.4539,124.334,0.177521,0
A16,1969.9539,123.397,0.177103,0
A16,1970.4539,125.303,0.175336,0
A16,1970.9539,127.498,0.174555,0
A16,1971.4539,127.115,0.174997,0
A16,1971.9539,126.471,0.17843,0
A16,1972.4539,119.15,0.185032,0
A16,1972.9539,111.149,0.186042,0
A16,1973.4539,116.805,0.18057,0
A16,1973.9539,123.849,0.181407,0
A16,1974.4539,114.862,0.189854,0
A16,1974.9539,104.245,0.194491,0
A16,1975.4539,104.1,0.194157,0
A16,1975.9539,105.02,0.191318,0
A16,1976.4539,110.688,0.186226,0
A16,1976.9539,116.839,0.181566,0
A16,1977.4539,121.502,0.177614,0
A16,1977.9539,126.013,0.176678,0
A16,1978.4539,123.675,0.178992,0
A16,1978.9539,120.64,0.183527,0
A16,1979.4539,113.15,0.190177,0
A16,1979.9539,105.207,0.190385,0
A16,1980.4539,112.666,0.183283,0
A16,1980.9539,121.691,0.180201,0
A16,1981.4539,119.817,0.182293,0
A16,1981.9539,116.836,0.18203,0
A16,1982.4539,120.429,0.178645,0
A16,1982.9539,124.692,0.180039,0
A16,1983.4539,117.193,0.187017,0
A16,1983.9539,108.498,0.187417,0
A16,1984.4539,116.264,0.180003,0
A16,1984.9539,125.705,0.177,0
A16,1985.4539,123.233,0.179652,0
A16,1985.9539,119.55,0.182352,0
A16,1986.4539,116.968,0.184529,0
A16,1986.9539,114.498,0.182688,0
A16,1987.4539,121.24,0.176475,0
A16,1987.9539,128.918,0.17431,0
A16,1988.4539,126.263,0.177051,0
A16,1988.9539,122.557,0.182223,0
A16,1989.4539,114.258,0.189577,0
A16,1989.9539,105.492,0.192119,0
A16,1990.4539,108.358,0.189139,0
A16,1990.9539,112.408,0.182806,0
A16,1991.4539,123.056,0.173341,0
A16,1991.9539,134.374,0.170042,0
A16,1992.4539,130.712,0.173855,0
A16,1992.9539,125.526,0.177303,0
A16,1993.4539,122.709,0.179628,0
A16,1993.9539,120.132,0.179634,0
A16,1994.4539,122.695,0.177199,0
A16,1994.9539,125.781,0.176045,0
A16,1995.4539,125.374,0.176549,0
A16,1995.9539,124.611,0.176562,0
A16,1996.4539,125.343,0.175865,0
A16,1996.9539,126.228,0.1754,0
A16,1997.4539,126.423,0.175262,0
A16,1997.9539,126.548,0.179922,0
A16,1998.4539,115.607,0.189836,0
A16,1998.9539,103.54,0.194773,0
A16,1999.4539,104.151,0.19369,0
A16,1999.9539,106.052,0.188876,0
A16,2000.4539,115.323,0.180564,0
A16,2000.9539,125.344,0.175547,0
A16,2001.4539,126.966,0.174517,0
A16,2001.9539,127.734,0.177767,0
A16,2002.4539,119.425,0.185325,0
A16,2002.9539,110.193,0.187985,0
A16,2003.4539,113.251,0.184812,0
A16,2003.9539,117.558,0.183268,0
A16,2004.4539,116.834,0.184113,0
A16,2004.9539,115.598,0.195006,0
A16,2005.4539,81.1875,0.216726,3
A16,2005.9539,43.404,0.234446,3
A16,2006.4539,41.595,0.246658,3
A16,2006.9539,43.4438,0.248185,3
A16,2007.4539,41.6559,0.238498,3
A16,2007.9539,39.4982,0.241046,2
A16,2008.4539,39.5983,0.258211,2
A16,2008.9539,39.928,0.269404,2
A16,2009.4539,34.1012,0.272533,2
A16,2009.9539,27.6485,0.264079,2
A16,2010.4539,30.1476,0.243685,2
A16,2010.9539,33.5568,0.241223,2
A16,2011.4539,32.5208,0.25973,2
A16,2011.9539,31.0329,0.261888,2
A16,2012.4539,34.9386,0.243904,2
A16,2012.9539,39.3927,0.237554,2
A16,2013.4539,35.6983,0.246068,2
A16,2013.9539,31.1753,0.249363,2
A16,2014.4539,36.734,0.245401,2
A16,2014.9539,43.3177,0.239361,2
A16,2015.4539,41.4435,0.190925,2
A16,2015.9539,38.7094,0.15404,2
A16,2016.4539,36.188,0.175461,2
A16,2016.9539,33.6881,0.183176,3
A16,2017.4539,37.1571,0.169443,3
A16,2017.9539,41.233,0.156372,3
A16,2018.4539,41.5527,0.146211,2
A16,2018.9539,41.4905,0.140695,2
A16,2019.4539,40.5932,0.140003,2
A16,2019.9539,39.611,0.140723,2
A16,2020.4539,41.7199,0.142508,2
A16,2020.9539,44.143,0.145029,3
A16,2021.4539,42.6994,0.148252,2
A16,2021.9539,40.8626,0.15807,2
A16,2022.4539,39.1744,0.175085,2
A16,2022.9539,37.5013,0.176428,2
A16,2023.4539,38.7331,0.159775,2
A16,2023.9539,40.2601,0.15482,2
A16,2024.4539,37.8288,0.164581,2
A16,2024.9539,34.9949,0.164726,2
A16,2025.4539,38.1659,0.152779,2
A16,2025.9539,41.9474,0.150256,2
A16,2026.4539,36.318,0.159344,2
A16,2026.9539,29.7318,0.16029,2
A16,2027.4539,32.1498,0.151085,2
A16,2027.9539,35.4833,0.147745,2
A16,2028.4539,38.078,0.151897,2
A16,2028.9539,40.5977,0.147287,2
A16,2029.4539,42.9352,0.132265,2
A16,2029.9539,45.2543,0.123676,2
A16,2030.4539,42.7223,0.123232,1
A16,2030.9539,39.697,0.135845,1
A16,2031.4539,38.6166,0.162013,1
A16,2031.9539,37.7339,0.172815,1
A16,2032.4539,35.8933,0.16531,1
A16,2032.9539,33.9553,0.16583,1
A16,2033.4539,37.1137,0.177056,2
A16,2033.9539,40.7903,0.182697,2
A16,2034.4539,41.2719,0.181099,2
A16,2034.9539,41.4286,0.175984,2
A16,2035.4539,41.8732,0.167732,2
A16,2035.9539,42.347,0.159761,2
A16,2036.4539,41.6552,0.152418,2
A16,2036.9539,40.8449,0.14484,2
A16,2037.4539,35.5388,0.136939,2
A16,2037.9539,29.7757,0.131697,2
A16,2038.4539,50.7478,0.129418,0
A16,2038.9539,74.4382,0.136439,0
A16,2039.4539,71.7676,0.153405,0
A16,2039.9539,66.4167,0.154998,0
A16,2040.4539,70.9124,0.138645,0
A16,2040.9539,76.4094,0.13949,0
A16,2041.4539,71.4736,0.161107,0
A16,2041.9539,65.477,0.162383,0
A16,2042.4539,68.6335,0.13914,0
A16,2042.9539,72.7206,0.122767,0
A16,2043.4539,82.5782,0.116457,0
A16,2043.9539,93.0224,0.111061,0
A16,2044.4539,83.6402,0.10565,0
A16,2044.9539,72.2422,0.106659,0
A16,2045.4539,78.0333,0.114745,0
A16,2045.9539,85.5721,0.113442,0
A16,2046.4539,75.7169,0.101078,0
A16,2046.9539,64.0931,0.105672,0
A16,2047.4539,66.4693,0.130072,0
A16,2047.9539,70.2691,0.139531,0
A16,2048.4539,75.4854,0.130516,0
A16,2048.9539,80.8457,0.123714,0
A16,2049.4539,83.538,0.12123,0
A16,2049.9539,85.959,0.118008,0
A16,2050.4539,91.0154,0.113535,0
A16,2050.9539,96.3397,0.115217,0
A16,2051.4539,87.1118,0.123807,0
A16,2051.9539,76.4044,0.134887,0
A16,2052.4539,71.4244,0.148009,0
A16,2052.9539,67.0268,0.154701,0
A16,2053.4539,56.0619,0.154102,1
A16,2053.9539,44.4292,0.143671,1
A16,2054.4539,55.701,0.12315,0
A16,2054.9539,69.3015,0.115857,0
A16,2055.4539,72.1415,0.124165,0
A16,2055.9539,73.8874,0.129985,0
A16,2056.4539,71.5947,0.13148,0
A16,2056.9539,68.8914,0.1293,0
A16,2057.4539,76.6585,0.123513,0
A16,2057.9539,85.4902,0.120965,0
A16,2058.4539,84.4614,0.122352,0
A16,2058.9539,82.43,0.123821,0
A16,2059.4539,81.0515,0.124981,0
A16,2059.9539,79.7394,0.122043,0
A16,2060.4539,87.8704,0.114622,0
A16,2060.9539,96.9614,0.113979,0
A16,2061.4539,89.363,0.121258,0
A16,2061.9539,80.0677,0.12202,0
A16,2062.4539,76.8793,0.114796,0
A16,2062.9539,74.3118,0.116806,0
A16,2063.4539,73.618,0.1298,0
A16,2063.9539,73.1147,0.141306,0
A16,2064.4539,72.8077,0.150056,0
A16,2064.9539,72.5206,0.148593,0
A16,2065.4539,74.3877,0.136159,0
A16,2065.9539,76.4738,0.121901,0
A16,2066.4539,74.9295,0.106751,0
A16,2066.9539,73.0161,0.103434,0
A16,2067.4539,79.0134,0.113242,0
A16,2067.9539,85.815,0.121151,0
A16,2068.4539,82.0558,0.125633,0
A16,2068.9539,77.2228,0.128275,0
A16,2069.4539,75.9226,0.129241,0
A16,2069.9539,74.9816,0.127274,0
A16,2070.4539,80.4861,0.122248,0
A16,2070.9539,86.646,0.120994,0
A16,2071.4539,83.3967,0.124207,0
A16,2071.9539,79.1907,0.125813,0
A16,2072.4539,79.6686,0.125196,0
A16,2072.9539,80.6228,0.131619,0
A16,2073.4539,72.755,0.146022,0
A16,2073.9539,63.9902,0.149186,0
A16,2074.4539,62.1689,0.139157,0
A16,2074.9539,61.0535,0.13258,0
A16,2075.4539,64.8765,0.131147,0
A16,2075.9539,69.2016,0.135827,0
A16,2076.4539,71.1285,0.146722,0
A16,2076.9539,72.8116,0.147566,0
A16,2077.4539,73.8856,0.136708,0
A16,2077.9539,74.8976,0.13817,0
A16,2078.4539,72.9325,0.154392,0
A16,2078.9539,70.6646,0.163242,0
A16,2079.4539,65.6264,0.16247,0
A16,2079.9539,60.3064,0.153333,0
A16,2080.4539,69.0325,0.135957,0
A16,2080.9539,79.1867,0.124223,0
A16,2081.4539,84.3682,0.119543,0
A16,2081.9539,89.0441,0.130094,0
A16,2082.4539,74.5556,0.156707,0
A16,2082.9539,58.1185,0.159371,0
A16,2083.4539,62.7161,0.134018,0
A16,2083.9539,69.4524,0.121152,0
A16,2084.4539,73.1637,0.124889,0
A16,2084.9539,76.5674,0.127314,0
A16,2085.4539,77.9317,0.126606,0
A16,2085.9539,79.0887,0.125035,0
A16,2086.4539,81.5771,0.122833,0
A16,2086.9539,84.2008,0.123429,0
A16,2087.4539,77.3466,0.127174,0
A16,2087.9539,69.5288,0.131933,0
A16,2088.4539,61.6494,0.13749,0
A16,2088.9539,53.7639,0.133931,0
A16,2089.4539,57.3414,0.120249,0
A16,2089.9539,62.0844,0.110166,0
A16,2090.4539,66.0801,0.105077,0
A16,2090.9539,69.9998,0.113714,0
A16,2091.4539,69.7536,0.136965,0
A16,2091.9539,69.0838,0.145233,0
A16,2092.4539,72.1912,0.135508,0
A16,2092.9539,75.6826,0.128923,0
A16,2093.4539,76.855,0.127628,0
A16,2093.9539,77.7916,0.142348,1
A16,2094.4539,70.4562,0.174175,1
A16,2094.9539,62.2797,0.182576,1
A16,2095.4539,65.0719,0.16343,1
A16,2095.9539,68.9795,0.145858,1
A16,2096.4539,74.1645,0.132821,0
A16,2096.9539,79.4794,0.125381,0
A16,2097.4539,75.8355,0.123644,0
A16,2097.9539,71.2808,0.124174,0
A16,2098.4539,73.5051,0.126622,0
A16,2098.9539,76.4187,0.127026,0
A16,2099.4539,79.0763,0.124983,0
A16,2099.9539,81.7078,0.12376,0
A16,2100.4539,81.9162,0.123686,0
A16,2100.9539,81.8781,0.133393,0
A16,2101.4539,70.886,0.153757,0
A16,2101.9539,58.7801,0.153513,0
A16,2102.4539,73.7897,0.129483,0
A16,2102.9539,91.5562,0.117767,0
A16,2103.4539,80.5849,0.122035,0
A16,2103.9539,66.6917,0.126118,0
A16,2104.4539,69.7715,0.128375,0
A16,2104.9539,74.577,0.126831,0
A16,2105.4539,81.2517,0.121285,0
A16,2105.9539,88.1164,0.121193,0
A16,2106.4539,81.8727,0.127518,0
A16,2106.9539,74.2962,0.133813,0
A16,2107.4539,72.3627,0.139425,0
A16,2107.9539,71.0029,0.136714,0
A16,2108.4539,79.1849,0.124903,0
A16,2108.9539,88.3371,0.116166,0
A16,2109.4539,82.1586,0.111742,0
A16,2109.9539,74.4214,0.114773,0
A16,2110.4539,67.8036,0.125576,0
A16,2110.9539,61.2996,0.129062,0
A16,2111.4539,59.5662,0.123698,0
A16,2111.9539,58.3178,0.122313,0
A16,2112.4539,64.5839,0.126213,0
A16,2112.9539,71.614,0.128458,0
A16,2113.4539,74.287,0.128343,0
A16,2113.9539,76.5169,0.127272,0
A16,2114.4539,78.7854,0.125389,0
A16,2114.9539,81.0577,0.122875,0
A16,2115.4539,84.6216,0.119747,0
A16,2115.9539,88.3168,0.1182,0
A16,2116.4539,88.2114,0.118457,0
A16,2116.9539,87.7195,0.119813,0
A16,2117.4539,85.0648,0.122196,0
A16,2117.9539,82.1901,0.125236,0
A16,2118.4539,76.0218,0.128898,0
A16,2118.9539,69.5187,0.124781,0
A16,2119.4539,67.0938,0.112032,0
A16,2119.9539,65.0835,0.106969,0
A16,2120.4539,77.5569,0.111252,0
A16,2120.9539,91.503,0.117387,0
A16,2121.4539,85.0724,0.124614,0
A16,2121.9539,76.57,0.13488,0
A16,2122.4539,67.5117,0.148385,0
A16,2122.9539,58.3969,0.159085,0
A16,2123.4539,63.537,0.166365,0
A16,2123.9539,70.1265,0.164897,0
A16,2124.4539,66.2357,0.15414,0
A16,2124.9539,61.2794,0.140948,0
A16,2125.4539,73.8682,0.126016,0
A16,2125.9539,88.2409,0.127089,0
A16,2126.4539,80.5592,0.145972,0
A16,2126.9539,70.6352,0.149394,0
A16,2127.4539,70.1631,0.133974,0
A16,2127.9539,70.6521,0.125905,0
A16,2128.4539,72.6913,0.127852,0
A16,2128.9539,74.8882,0.134873,0
A16,2129.4539,71.6602,0.146465,0
A16,2129.9539,67.8806,0.146376,0
A16,2130.4539,73.7415,0.132953,0
A16,2130.9539,80.5826,0.126965,0
A16,2131.4539,76.3681,0.130522,0
A16,2131.9539,71.0295,0.127371,0
A16,2132.4539,83.6441,0.115862,0
A16,2132.9539,98.0841,0.114519,0
A16,2133.4539,87.6888,0.125223,0
A16,2133.9539,74.7684,0.138336,0
A16,2134.4539,67.2572,0.152878,0
A16,2134.9539,60.296,0.156318,0
A16,2135.4539,64.6545,0.14738,0
A16,2135.9539,70.164,0.141599,0
A16,2136.4539,67.3705,0.140554,0
A16,2136.9539,63.7328,0.136528,0
A16,2137.4539,71.6723,0.128737,0
A16,2137.9539,80.7889,0.129651,0
A16,2138.4539,77.1453,0.140538,0
A16,2138.9539,72.2042,0.14178,0
A16,2139.4539,75.8818,0.13138,0
A16,2139.9539,80.4358,0.130096,0
A16,2140.4539,77.6213,0.140036,0
A16,2140.9539,74.0576,0.139649,0
A16,2141.4539,80.2149,0.12674,0
A16,2141.9539,87.3606,0.117999,0
A16,2142.4539,72.8288,0.115124,0
A16,2142.9539,56.093,0.115007,0
A16,2143.4539,69.5093,0.117335,0
A16,2143.9539,85.9913,0.120717,0
A16,2144.4539,82.8991,0.125013,0
A16,2144.9539,77.8167,0.126372,0
A16,2145.4539,79.7467,0.124401,0
A16,2145.9539,82.3897,0.124574,0
A16,2146.4539,79.3443,0.127447,0
A16,2146.9539,75.7206,0.129114,0
A16,2147.4539,75.4764,0.129177,0
A16,2147.9539,75.5759,0.13866,0
A16,2148.4539,68.5327,0.158685,0
A16,2148.9539,60.7633,0.159024,0
A16,2149.4539,70.8101,0.136603,1
A16,2149.9539,82.6684,0.124235,1
A16,2150.4539,81.3848,0.125257,0
A16,2150.9539,78.7651,0.131161,0
A16,2151.4539,71.5002,0.14108,0
A16,2151.9539,63.763,0.152014,0
A16,2152.4539,60.5697,0.163658,1
A16,2152.9539,57.8385,0.15961,1
A16,2153.4539,68.1513,0.138204,0
A16,2153.9539,79.7904,0.128659,0
A16,2154.4539,71.6001,0.133946,0
A16,2154.9539,61.3935,,0
B2,1467.4883,,,2
B2,1467.9883,,,2
B2,1468.4883,69.491013,0.226844,0
B2,1468.9883,65.886826,0.223971,0
B2,1469.4883,75.46595,0.217869,0
B2,1469.9883,85.361641,0.216773,0
B2,1470.4883,81.184845,0.220882,0
B2,1470.9883,76.67012,0.219981,0
B2,1471.4883,71.184479,0.213826,0
B2,1471.9883,65.675514,0.214946,0
B2,1472.4883,68.222466,0.22364,2
B2,1472.9883,70.962852,0.222147,2
B2,1473.4883,83.904076,0.210041,2
B2,1473.9883,97.090256,0.204523,2
B2,1474.4883,95.68335,0.206005,2
B2,1474.9883,93.92601,0.206345,2
B2,1475.4883,94.956993,0.205348,2
B2,1475.9883,96.054932,0.210326,2
B2,1476.4883,84.329948,0.221457,2
B2,1476.9883,72.29705,0.226922,2
B2,1477.4883,72.663673,0.226439,2
B2,1477.9883,73.328056,0.220464,2
B2,1478.4883,70.249802,0.209006,2
B2,1478.9883,67.08168,0.202939,2
B2,1479.4883,82.472717,0.202522,2
B2,1479.9883,98.309418,0.206912,2
B2,1480.4883,88.999565,0.216089,2
B2,1480.9883,79.085861,0.218025,2
B2,1481.4883,84.866249,0.212433,2
B2,1481.9883,91.023506,0.207715,2
B2,1482.4883,94.937126,0.204073,2
B2,1482.9883,98.796867,0.206784,2
B2,1483.4883,89.150543,0.215974,2
B2,1483.9883,79.179893,0.222312,2
B2,1484.4883,75.621193,0.225574,2
B2,1484.9883,72.216469,0.223687,2
B2,1485.4883,79.64949,0.216601,2
B2,1485.9883,87.342758,0.215356,2
B2,1486.4883,82.307472,0.220217,2
B2,1486.9883,76.966537,0.220552,2
B2,1487.4883,81.592239,0.216105,2
B2,1487.9883,86.457275,0.215404,2
B2,1488.4883,78.041748,0.218651,2
B2,1488.9883,69.30732,0.220418,2
B2,1489.4883,74.026497,0.220576,2
B2,1489.9883,79.068748,0.220505,2
B2,1490.4883,79.468163,0.22024,2
B2,1490.9883,79.756088,0.234205,2
B2,1491.4883,74.463264,0.262747,2
B2,1491.9883,69.036423,0.263026,1
B2,1492.4883,75.05764,0.234015,1
B2,1492.9883,81.35376,0.219322,1
B2,1493.4883,80.426689,0.219993,1
B2,1493.9883,79.326164,0.217616,1
B2,1494.4883,85.499825,0.211749,1
B2,1494.9883,91.84816,0.208483,1
B2,1495.4883,92.471413,0.207964,1
B2,1495.9883,92.957199,0.210174,1
B2,1496.4883,87.752724,0.215115,1
B2,1496.9883,82.411613,0.215923,1
B2,1497.4883,86.028778,0.212433,1
B2,1497.9883,89.861061,0.211521,1
B2,1498.4883,87.975304,0.213352,1
B2,1498.9883,85.952232,0.216891,1
B2,1499.4883,80.422768,0.222111,3
B2,1499.9883,74.809097,0.221918,3
B2,1500.4883,80.834755,0.216141,3
B2,1500.9883,87.1399,0.212746,3
B2,1501.4883,88.07988,0.211926,3
B2,1501.9883,88.891029,0.211256,3
B2,1502.4883,89.509819,0.210678,3
B2,1502.9883,90.123985,0.212556,3
B2,1503.4883,85.50148,0.216947,3
B2,1503.9883,80.753227,0.220556,3
B2,1504.4883,77.797752,0.223305,3
B2,1504.9883,74.885323,0.221329,0
B2,1505.4883,82.015083,0.214535,0
B2,1505.9883,89.386002,0.210318,0
B2,1506.4883,91.015862,0.208856,0
B2,1506.9883,92.507858,0.213066,0
B2,1507.4883,82.028633,0.223019,0
B2,1507.9883,71.26194,0.228516,0
B2,1508.4883,70.295624,0.229312,3
B2,1508.9883,69.564644,0.22587,3
B2,1509.4883,77.642471,0.218201,3
B2,1509.9883,85.931831,0.216082,3
B2,1510.4883,82.167648,0.219745,3
B2,1510.9883,78.114021,0.224724,3
B2,1511.4883,70.465561,0.230912,3
B2,1511.9883,62.730778,0.229762,3
B2,1512.4883,72.866539,0.221071,3
B2,1512.9883,83.431419,0.216997,3
B2,1513.4883,82.690094,0.217831,3
B2,1513.9883,81.677261,0.217048,1
B2,1514.4883,84.361145,0.214491,1
B2,1514.9883,87.133797,0.214642,1
B2,1515.4883,84.037987,0.21761,1
B2,1515.9883,80.801254,0.21973,1
B2,1516.4883,79.512115,0.220916,1
B2,1516.9883,78.269745,0.222621,1
B2,1517.4883,75.872169,0.224881,1
B2,1517.9883,73.446861,0.221699,1
B2,1518.4883,82.662453,0.212934,1
B2,1518.9883,92.15757,0.209359,1
B2,1519.4883,90.295151,0.211231,1
B2,1519.9883,88.159996,0.215054,1
B2,1520.4883,82.135826,0.220742,1
B2,1520.9883,76.018265,0.222912,1
B2,1521.4883,77.501877,0.221436,1
B2,1521.9883,79.168015,0.216189,1
B2,1522.4883,88.702812,0.207167,1
B2,1522.9883,98.426559,0.208214,1
B2,1523.4883,86.469475,0.219661,1
B2,1523.9883,73.991768,0.223272,1
B2,1524.4883,78.759193,0.218612,1
B2,1524.9883,83.940727,0.217889,1
B2,1525.4883,80.29966,0.2214,1
B2,1525.9883,76.446732,0.22476,1
B2,1526.4883,73.129433,0.227862,1
B2,1526.9883,69.825005,0.229011,1
B2,1527.4883,70.677063,0.228166,1
B2,1527.9883,71.628937,0.227827,1
B2,1528.4883,71.40078,0.228054,1
B2,1528.9883,71.144287,0.224984,1
B2,1529.4883,77.954781,0.218523,1
B2,1529.9883,84.934975,0.214473,1
B2,1530.4883,86.59948,0.212973,1
B2,1530.9883,88.13633,0.215325,1
B2,1531.4883,81.578598,0.221561,1
B2,1531.9883,74.826485,0.225035,1
B2,1532.4883,74.162956,0.225589,1
B2,1532.9883,73.64563,0.222167,1
B2,1533.4883,81.466057,0.214746,1
B2,1533.9883,89.486694,0.212884,1
B2,1534.4883,85.441048,0.21681,1
B2,1534.9883,81.105644,0.218362,1
B2,1535.4883,82.128281,0.217342,1
B2,1535.9883,83.279572,0.217083,1
B2,1536.4883,82.682503,0.217663,1
B2,1536.9883,82.043442,0.21184,1
B2,1537.4883,95.112175,0.19944,1
B2,1537.9883,108.51008,0.19546,1
B2,1538.4883,86.589981,0.20026,1
B2,1538.9883,63.821793,0.209008,1
B2,1539.4883,67.098373,0.22159,1
B2,1539.9883,71.000374,0.225537,1
B2,1540.4883,76.508026,0.22055,1
B2,1540.9883,82.054237,0.219724,1
B2,1541.4883,78.272858,0.223372,1
B2,1541.9883,74.267494,0.222433,1
B2,1542.4883,80.276344,0.21669,1
B2,1542.9883,86.525673,0.213578,1
B2,1543.4883,86.918983,0.213276,1
B2,1543.9883,87.171669,0.213429,1
B2,1544.4883,86.589783,0.213984,1
B2,1544.9883,85.987854,0.21307,1
B2,1545.4883,88.540367,0.210643,1
B2,1545.9883,91.168625,0.211042,1
B2,1546.4883,87.689545,0.21437,1
B2,1546.9883,84.063812,0.218052,1
B2,1547.4883,79.828362,0.222029,1
B2,1547.9883,75.578262,0.229444,1
B2,1548.4883,69.936546,0.240375,1
B2,1548.9883,64.261406,0.237999,1
B2,1549.4883,75.293129,0.221912,1
B2,1549.9883,86.726028,0.213286,1
B2,1550.4883,87.48365,0.21263,1
B2,1550.9883,87.984917,0.215632,1
B2,1551.4883,81.076134,0.222188,1
B2,1551.9883,73.98941,0.22365,1
B2,1552.4883,77.955482,0.219809,1
B2,1552.9883,82.186966,0.215878,1
B2,1553.4883,86.347786,0.211979,1
B2,1553.9883,90.506912,0.210397,1
B2,1554.4883,89.726265,0.211185,1
B2,1554.9883,88.826996,0.215346,1
B2,1555.4883,80.843498,0.222906,1
B2,1555.9883,72.68988,0.220969,1
B2,1556.4883,84.978928,0.209224,1
B2,1556.9883,97.758858,0.205077,1
B2,1557.4883,93.830887,0.208946,1
B2,1557.9883,89.501701,0.210968,1
B2,1558.4883,79.231575,0.210906,1
B2,1558.9883,68.818787,0.21315,1
B2,1559.4883,73.946587,0.217806,1
B2,1559.9883,79.447556,0.221543,1
B2,1560.4883,76.747047,0.224282,1
B2,1560.9883,73.849602,0.21694,1
B2,1561.4883,70.046707,0.199299,1
B2,1561.9883,66.222076,0.196472,1
B2,1562.4883,75.005203,0.209063,1
B2,1562.9883,84.091087,0.217661,1
B2,1563.4883,80.100395,0.221798,1
B2,1563.9883,75.795685,0.220783,1
B2,1564.4883,82.269028,0.214597,1
B2,1564.9883,89.00119,0.212877,1
B2,1565.4883,85.940544,0.215855,1
B2,1565.9883,82.644737,0.217981,1
B2,1566.4883,81.401955,0.219122,1
B2,1566.9883,80.208473,0.225803,1
B2,1567.4883,72.34346,0.238182,1
B2,1567.9883,64.318245,0.237823,1
B2,1568.4883,73.358505,0.224286,1
B2,1568.9883,82.808563,0.218476,1
B2,1569.4883,80.306198,0.220896,1
B2,1569.9883,77.516815,0.220878,1
B2,1570.4883,80.345688,0.218164,1
B2,1570.9883,83.309479,0.219825,1
B2,1571.4883,76.799522,0.226032,1
B2,1571.9883,70.062073,0.22673,1
B2,1572.4883,75.309959,0.221678,1
B2,1572.9883,80.845642,0.218271,1
B2,1573.4883,82.580421,0.216689,1
B2,1573.9883,84.22393,0.216678,1
B2,1574.4883,82.605347,0.218231,1
B2,1574.9883,80.908432,0.217923,1
B2,1575.4883,83.260857,0.215673,1
B2,1575.9883,85.710526,0.215806,1
B2,1576.4883,82.978027,0.218424,1
B2,1576.9883,80.121086,0.219894,1
B2,1577.4883,79.842278,0.220126,1
B2,1577.9883,79.625381,0.214101,1
B2,1578.4883,92.703278,0.201698,1
B2,1578.9883,106.10043,0.202206,1
B2,1579.4883,91.617958,0.21609,1
B2,1579.9883,76.466003,0.222058,1
B2,1580.4883,78.878349,0.2196,1
B2,1580.9883,81.712471,0.2167,1
B2,1581.4883,85.068565,0.21355,1
B2,1581.9883,88.437195,0.214796,1
B2,1582.4883,82.407433,0.220552,1
B2,1582.9883,76.151993,0.223814,1
B2,1583.4883,75.444008,0.224414,1
B2,1583.9883,74.869232,0.224928,1
B2,1584.4883,74.346992,0.225417,1
B2,1584.9883,73.826012,0.221938,1
B2,1585.4883,81.774666,0.214395,1
B2,1585.9883,89.926704,0.21412,1
B2,1586.4883,82.358604,0.221388,1
B2,1586.9883,74.413017,0.222445,1
B2,1587.4883,80.102554,0.216961,1
B2,1587.9883,86.119522,0.21458,1
B2,1588.4883,85.18589,0.215533,1
B2,1588.9883,84.08535,0.217397,1
B2,1589.4883,81.207642,0.220113,1
B2,1589.9883,78.287254,0.221376,1
B2,1590.4883,78.512253,0.221129,1
B2,1590.9883,78.812775,0.21806,1
B2,1591.4883,85.063446,0.212137,1
B2,1591.9883,91.456993,0.212246,1
B2,1592.4883,84.830666,0.218601,1
B2,1592.9883,77.891693,0.216073,1
B2,1593.4883,90.227386,0.204298,1
B2,1593.9883,103.02592,0.203475,1
B2,1594.4883,91.984619,0.214088,1
B2,1594.9883,80.370842,0.219852,1
B2,1595.4883,70.93837,0.220374,1
B2,1595.9883,61.558285,0.220568,1
B2,1596.4883,70.106186,0.22055,1
B2,1596.9883,79.084602,0.218566,1
B2,1597.4883,83.504585,0.214574,1
B2,1597.9883,87.815117,0.213267,1
B2,1598.4883,86.294617,0.214757,1
B2,1598.9883,84.634094,0.217673,1
B2,1599.4883,80.069687,0.221982,1
B2,1599.9883,75.435547,0.223287,1
B2,1600.4883,77.284035,0.221482,1
B2,1600.9883,79.2882,0.218261,1
B2,1601.4883,84.159477,0.213665,1
B2,1601.9883,89.099602,0.21203,1
B2,1602.4883,78.298431,0.213459,1
B2,1602.9883,67.11927,0.216936,1
B2,1603.4883,70.427353,0.222436,1
B2,1603.9883,74.083321,0.223267,1
B2,1604.4883,78.454697,0.219268,1
B2,1604.9883,82.843254,0.219146,1
B2,1605.4883,78.715721,0.22311,1
B2,1605.9883,74.383682,0.222588,1
B2,1606.4883,79.828606,0.217377,1
B2,1606.9883,85.508308,0.222533,1
B2,1607.4883,72.576591,0.238419,1
B2,1607.9883,59.197964,0.238297,1
B2,1608.4883,73.015152,0.221527,1
B2,1608.9883,87.485405,0.216011,1
B2,1609.4883,80.856712,0.222417,1
B2,1609.9883,73.721367,0.226473,1
B2,1610.4883,72.196251,0.22784,1
B2,1610.9883,70.805847,0.223695,1
B2,1611.4883,81.044289,0.213971,1
B2,1611.9883,91.561981,0.20968,1
B2,1612.4883,90.20314,0.211087,1
B2,1612.9883,88.559097,0.213107,1
B2,1613.4883,85.891838,0.215617,1
B2,1613.9883,83.200005,0.219308,1
B2,1614.4883,78.013199,0.224196,1
B2,1614.9883,72.766479,0.233459,1
B2,1615.4883,68.786087,0.247173,1
B2,1615.9883,64.836098,0.246742,1
B2,1616.4883,70.212143,0.231719,1
B2,1616.9883,75.812134,0.22153,1
B2,1617.4883,80.911232,0.216639,1
B2,1617.9883,85.998299,0.215282,1
B2,1618.4883,83.809067,0.217415,1
B2,1618.9883,81.445107,0.223325,1
B2,1619.4883,74.632065,0.233021,1
B2,1619.9883,67.712181,0.239473,1
B2,1620.4883,68.128403,0.242513,1
B2,1620.9883,68.720779,0.238473,1
B2,1621.4883,73.488518,0.227264,1
B2,1621.9883,78.356506,0.220682,1
B2,1622.4883,80.095634,0.219008,1
B2,1622.9883,81.759621,0.21392,1
B2,1623.4883,90.956253,0.205218,1
B2,1623.9883,100.33378,0.207185,1
B2,1624.4883,86.757378,0.220164,1
B2,1624.9883,72.629776,0.226562,1
B2,1625.4883,73.101318,0.225955,1
B2,1625.9883,73.923424,0.220875,1
B2,1626.4883,83.945213,0.211381,1
B2,1626.9883,94.187912,0.208966,1
B2,1627.4883,89.101799,0.213904,1
B2,1627.9883,83.647591,0.217333,1
B2,1628.4883,81.780556,0.219043,1
B2,1628.9883,79.999657,0.221315,1
B2,1629.4883,76.931091,0.224204,1
B2,1629.9883,73.831604,0.224233,1
B2,1630.4883,76.868462,0.221319,1
B2,1630.9883,80.052673,0.220334,1
B2,1631.4883,78.97052,0.221396,1
B2,1631.9883,77.785912,0.22167,1
B2,1632.4883,78.384727,0.221089,1
B2,1632.9883,79.026367,0.219095,1
B2,1633.4883,82.642647,0.215673,1
B2,1633.9883,86.33036,0.215809,1
B2,1634.4883,82.351166,0.219625,1
B2,1634.9883,78.187859,0.220777,0
B2,1635.4883,79.892036,0.219114,0
B2,1635.9883,81.737106,0.219233,0
B2,1636.4883,79.636307,0.221246,0
B2,1636.9883,77.44075,0.219499,0
B2,1637.4883,70.930008,0.213854,0
B2,1637.9883,64.315643,0.211465,0
B2,1638.4883,75.433098,0.212502,1
B2,1638.9883,86.976341,0.212789,1
B2,1639.4883,87.85421,0.212226,1
B2,1639.9883,88.475967,0.21487,1
B2,1640.4883,82.210854,0.220818,1
B2,1640.9883,75.780357,0.222295,1
B2,1641.4883,79.058067,0.219114,1
B2,1641.9883,82.568901,0.21829,1
B2,1642.4883,80.818123,0.21999,1
B2,1642.9883,78.941002,0.21938,1
B2,1643.4883,82.118652,0.216346,1
B2,1643.9883,85.417686,0.219239,1
B2,1644.4883,73.215508,0.228259,1
B2,1644.9883,60.641102,0.224946,1
B2,1645.4883,80.156982,0.208855,1
B2,1645.9883,100.44345,0.201161,1
B2,1646.4883,99.438988,0.202373,1
B2,1646.9883,97.923271,0.20857,1
B2,1647.4883,86.209358,0.219661,1
B2,1647.9883,74.250557,0.223635,1
B2,1648.4883,77.725639,0.220206,1
B2,1648.9883,81.571335,0.219206,1
B2,1649.4883,79.860916,0.220871,1
B2,1649.9883,78.017082,0.230474,1
B2,1650.4883,73.676483,0.248142,1
B2,1650.9883,69.275925,0.246859,1
B2,1651.4883,77.102722,0.225976,1
B2,1651.9883,85.223145,0.216769,1
B2,1652.4883,81.753578,0.219989,1
B2,1652.9883,78.005707,0.220211,1
B2,1653.4883,81.280815,0.217063,1
B2,1653.9883,84.724571,0.214562,1
B2,1654.4883,86.619888,0.212804,1
B2,1654.9883,88.47802,0.214557,1
B2,1655.4883,82.876686,0.219889,1
B2,1655.9883,77.096222,0.22343,1
B2,1656.4883,75.319633,0.225049,1
B2,1656.9883,73.639183,0.222224,1
B2,1657.4883,81.349213,0.214894,1
B2,1657.9883,89.284737,0.211248,1
B2,1658.4883,89.133675,0.211481,1
B2,1658.9883,88.788422,0.214342,1
B2,1659.4883,83.025322,0.219803,1
B2,1659.9883,77.132126,0.222406,1
B2,1660.4883,77.469719,0.222019,1
B2,1660.9883,77.95694,0.219225,1
B2,1661.4883,83.433769,0.214037,1
B2,1661.9883,89.030411,0.218158,1
B2,1662.4883,79.156822,0.231869,1
B2,1662.9883,68.911743,0.243728,1
B2,1663.4883,68.437149,0.253461,1
B2,1663.9883,68.197182,0.247806,1
B2,1664.4883,76.461945,0.226444,1
B2,1664.9883,84.930939,0.216869,1
B2,1665.4883,81.834152,0.219739,1
B2,1665.9883,78.459633,0.221722,1
B2,1666.4883,77.600822,0.222498,1
B2,1666.9883,76.802422,0.223033,1
B2,1667.4883,76.460114,0.223349,1
B2,1667.9883,76.128761,0.222229,1
B2,1668.4883,78.850967,0.219643,1
B2,1668.9883,81.6465,0.21967,1
B2,1669.4883,78.792793,0.222408,1
B2,1669.9883,75.803436,0.224938,1
B2,1670.4883,73.392769,0.22719,1
B2,1670.9883,70.996002,0.226826,1
B2,1671.4883,74.169769,0.22379,1
B2,1671.9883,77.477303,0.219514,1
B2,1672.4883,83.296761,0.214032,1
B2,1672.9883,89.176537,0.214411,1
B2,1673.4883,82.489273,0.220818,1
B2,1673.9883,75.500244,0.222539,1
B2,1674.4883,78.816025,0.219317,1
B2,1674.9883,82.379257,0.225854,1
B2,1675.4883,74.512131,0.242503,2
B2,1675.9883,66.370522,0.243098,2
B2,1676.4883,73.706459,0.227009,2
B2,1676.9883,81.414055,0.214187,2
B2,1677.4883,90.96183,0.205112,2
B2,1677.9883,100.5538,0.201273,2
B2,1678.4883,99.154976,0.202707,2
B2,1678.9883,97.492233,0.209336,2
B2,1679.4883,85.006424,0.221157,2
B2,1679.9883,72.260719,0.225785,2
B2,1680.4883,75.128319,0.222922,2
B2,1680.9883,78.370842,0.219375,2
B2,1681.4883,82.701416,0.215305,2
B2,1681.9883,87.058121,0.217279,2
B2,1682.4883,78.486824,0.225455,2
B2,1682.9883,69.60508,0.226963,2
B2,1683.4883,75.269455,0.221492,2
B2,1683.9883,81.283127,0.216371,2
B2,1684.4883,86.198669,0.211778,2
B2,1684.9883,91.087845,0.212451,2
B2,1685.4883,84.762291,0.218504,2
B2,1685.9883,78.167435,0.220086,2
B2,1686.4883,81.383926,0.216962,2
B2,1686.9883,84.836021,0.216122,2
B2,1687.4883,83.177116,0.217734,2
B2,1687.9883,81.395477,0.218329,2
B2,1688.4883,81.907349,0.217824,0
B2,1688.9883,82.474297,0.218892,0
B2,1689.4883,79.628288,0.221597,0
B2,1689.9883,76.700317,0.222434,0
B2,1690.4883,77.840736,0.221319,2
B2,1690.9883,79.078857,0.220221,2
B2,1691.4883,80.183998,0.219188,2
B2,1691.9883,81.285934,0.220726,2
B2,1692.4883,76.900368,0.224898,2
B2,1692.9883,72.383034,0.224637,2
B2,1693.4883,77.457191,0.219774,2
B2,1693.9883,82.761673,0.216407,2
B2,1694.4883,84.645325,0.21468,2
B2,1694.9883,86.446831,0.215312,2
B2,1695.4883,83.296181,0.21832,2
B2,1695.9883,80.026604,0.218845,2
B2,1696.4883,82.174751,0.216772,2
B2,1696.9883,84.452995,0.218069,2
B2,1697.4883,79.405067,0.222881,2
B2,1697.9883,74.181213,0.222937,1
B2,1698.4883,79.286034,0.218037,1
B2,1698.9883,84.638878,0.218514,1
B2,1699.4883,78.268806,0.224614,1
B2,1699.9883,71.617226,0.227243,1
B2,1700.4883,66.73101,0.22618,1
B2,1700.9883,61.887188,0.222981,1
B2,1701.4883,73.275375,0.217682,1
B2,1701.9883,85.053352,0.217705,1
B2,1702.4883,79.440582,0.223226,1
B2,1702.9883,73.410202,0.222014,1
B2,1703.4883,82.027351,0.213775,1
B2,1703.9883,90.996231,0.213352,1
B2,1704.4883,80.253181,0.221101,1
B2,1704.9883,69.036781,0.224487,1
B2,1705.4883,72.895844,0.22321,1
B2,1705.9883,77.11692,0.223456,1
B2,1706.4883,75.178856,0.225371,1
B2,1706.9883,73.092896,0.224759,1
B2,1707.4883,76.484322,0.22152,1
B2,1707.9883,80.007278,0.221657,1
B2,1708.4883,76.191277,0.225315,1
B2,1708.9883,72.199051,0.225241,1
B2,1709.4883,76.34903,0.221261,1
B2,1709.9883,80.694527,0.219697,1
B2,1710.4883,68.79303,0.220699,1
B2,1710.9883,56.501392,0.220387,1
B2,1711.4883,68.937012,0.218666,1
B2,1711.9883,81.966408,0.222668,1
B2,1712.4883,72.418106,0.232563,1
B2,1712.9883,62.327648,0.234068,1
B2,1713.4883,69.234596,0.22684,1
B2,1713.9883,76.549698,0.222972,1
B2,1714.4883,76.857857,0.222755,1
B2,1714.9883,76.997749,0.217997,1
B2,1715.4883,87.014565,0.2085,1
B2,1715.9883,97.268562,0.207751,1
B2,1716.4883,88.613937,0.216073,1
B2,1716.9883,79.505257,0.224436,1
B2,1717.4883,71.926247,0.232623,0
B2,1717.9883,64.383965,0.231505,0
B2,1718.4883,74.368988,0.220862,0
B2,1718.9883,84.774895,0.215912,0
B2,1719.4883,83.715843,0.21702,0
B2,1719.9883,82.381477,0.219083,0
B2,1720.4883,79.311691,0.221979,0
B2,1720.9883,76.200233,0.221167,0
B2,1721.4883,81.045166,0.216538,0
B2,1721.9883,86.081154,0.214866,0
B2,1722.4883,84.61467,0.216313,0
B2,1722.9883,82.992043,0.217187,1
B2,1723.4883,82.748734,0.2174,1
B2,1723.9883,82.538536,0.211062,1
B2,1724.4883,74.885963,0.198032,1
B2,1724.9883,67.054672,0.19746,1
B2,1725.4883,75.078323,0.209807,1
B2,1725.9883,83.482704,0.215898,1
B2,1726.4883,84.495293,0.215274,1
B2,1726.9883,85.330383,0.217079,1
B2,1727.4883,75.452667,0.221534,1
B2,1727.9883,65.317703,0.215831,1
B2,1728.4883,87.375092,0.199664,1
B2,1728.9883,110.20552,0.197328,1
B2,1729.4883,97.800644,0.209406,1
B2,1729.9883,84.549667,0.218843,1
B2,1730.4883,77.657959,0.225228,1
B2,1730.9883,70.918953,0.228618,1
B2,1731.4883,70.421074,0.229014,1
B2,1731.9883,70.073067,0.227413,1
B2,1732.4883,73.838402,0.223839,1
B2,1732.9883,77.702515,0.222513,1
B2,1733.4883,76.669876,0.223536,1
B2,1733.9883,75.519646,0.223885,1
B2,1734.4883,75.926231,0.223486,1
B2,1734.9883,76.370201,0.221998,1
B2,1735.4883,79.101357,0.219414,1
B2,1735.9883,81.887436,0.215356,1
B2,1736.4883,87.762077,0.209817,1
B2,1736.9883,93.710876,0.213788,1
B2,1737.4883,81.378326,0.227534,0
B2,1737.9883,68.606773,0.237464,0
B2,1738.4883,65.622688,0.243251,0
B2,1738.9883,62.873627,0.24169,0
B2,1739.4883,67.016792,0.232705,0
B2,1739.9883,71.32547,0.227032,0
B2,1740.4883,73.531075,0.224928,0
B2,1740.9883,75.686188,0.222607,0
B2,1741.4883,78.484398,0.219978,0
B2,1741.9883,81.298058,0.21711,0
B2,1742.4883,84.605042,0.214006,0
B2,1742.9883,87.923874,0.212639,0
B2,1743.4883,87.524673,0.213055,0
B2,1743.9883,87.036194,0.211706,0
B2,1744.4883,90.404663,0.208506,0
B2,1744.9883,93.865753,0.212387,0
B2,1745.4883,81.805542,0.223561,0
B2,1745.9883,69.37262,0.225124,0
B2,1746.4883,78.45388,0.216669,0
B2,1746.9883,88.051765,0.212616,1
B2,1747.4883,87.437325,0.213311,1
B2,1747.9883,86.57766,0.216609,1
B2,1748.4883,80.396309,0.222461,1
B2,1748.9883,74.087166,0.221802,1
B2,1749.4883,81.80146,0.214417,1
B2,1749.9883,89.852509,0.212873,1
B2,1750.4883,85.095558,0.217475,1
B2,1750.9883,80.031052,0.223873,1
B2,1751.4883,71.124451,0.231963,1
B2,1751.9883,62.125603,0.237131,1
B2,1752.4883,60.54689,0.239264,1
B2,1752.9883,59.146362,0.237433,1
B2,1753.4883,64.8088,0.231614,1
B2,1753.9883,70.640831,0.224222,1
B2,1754.4883,80.094452,0.215319,1
B2,1754.9883,89.635033,0.214205,1
B2,1755.4883,82.470879,0.221106,1
B2,1755.9883,74.905594,0.223263,1
B2,1756.4883,70.129066,0.220371,1
B2,1756.9883,65.419518,0.217651,1
B2,1757.4883,75.562805,0.215229,1
B2,1757.9883,86.062759,0.213348,1
B2,1758.4883,87.687073,0.212013,1
B2,1758.9883,89.098251,0.212625,1
B2,1759.4883,86.381386,0.215217,1
B2,1759.9883,83.565392,0.2138,1
B2,1760.4883,89.405441,0.20823,1
B2,1760.9883,95.453354,0.21122,1
B2,1761.4883,83.025108,0.223072,1
B2,1761.9883,70.153191,0.227904,1
B2,1762.4883,72.711319,0.225333,1
B2,1762.9883,75.639977,0.220741,1
B2,1763.4883,82.513802,0.214256,1
B2,1763.9883,89.482353,0.211307,1
B2,1764.4883,88.810059,0.212023,1
B2,1764.9883,87.954277,0.21111,0
B2,1765.4883,90.756454,0.208444,0
B2,1765.9883,93.646461,0.20994,0
B2,1766.4883,87.564339,0.21574,0
B2,1766.9883,81.266762,0.217906,0
B2,1767.4883,82.939697,0.216249,0
B2,1767.9883,84.804031,0.213191,0
B2,1768.4883,89.466927,0.20879,0
B2,1768.9883,94.197021,0.216838,0
B2,1769.4883,79.886658,0.237666,0
B2,1769.9883,65.119064,0.242831,0
B2,1770.4883,69.225288,0.231652,0
B2,1770.9883,73.784729,0.223909,0
B2,1771.4883,77.791573,0.220075,0
B2,1771.9883,81.785141,0.220981,0
B2,1772.4883,75.857117,0.226647,1
B2,1772.9883,69.690849,0.22505,1
B2,1773.4883,79.267273,0.2159,1
B2,1773.9883,89.221733,0.214283,1
B2,1774.4883,82.716629,0.220564,1
B2,1774.9883,75.816284,0.223143,1
B2,1775.4883,77.210266,0.221745,1
B2,1775.9883,78.803413,0.219792,1
B2,1776.4883,81.37738,0.217369,1
B2,1776.9883,83.974892,0.217418,1
B2,1777.4883,81.274101,0.220008,1
B2,1777.9883,78.446083,0.223447,1
B2,1778.4883,73.934082,0.227693,1
B2,1778.9883,69.381645,0.226091,1
B2,1779.4883,77.35434,0.21848,1
B2,1779.9883,85.6278,0.215827,1
B2,1780.4883,83.016441,0.218396,1
B2,1780.9883,80.1437,0.220281,1
B2,1781.4883,78.993668,0.221339,1
B2,1781.9883,77.885002,0.219187,1
B2,1782.4883,83.586891,0.213768,1
B2,1782.9883,89.452324,0.21083,1
B2,1783.4883,89.856209,0.210513,1
B2,1783.9883,90.128944,0.214991,1
B2,1784.4883,80.30072,0.224313,1
B2,1784.9883,70.229942,0.229837,1
B2,1785.4883,69.123055,0.231354,1
B2,1785.9883,68.231422,0.229437,1
B2,1786.4883,73.244377,0.224099,1
B2,1786.9883,78.399117,0.220372,1
B2,1787.4883,80.55764,0.218377,1
B2,1787.9883,82.644211,0.218479,1
B2,1788.4883,80.340218,0.220687,0
B2,1788.9883,77.930801,0.230198,0
B2,1789.4883,70.596428,0.247139,0
B2,1789.9883,63.143787,0.247309,0
B2,1790.4883,70.739525,0.230129,0
B2,1790.9883,78.696625,0.219194,0
B2,1791.4883,83.012085,0.215074,0
B2,1791.9883,87.240097,0.21021,0
B2,1792.4883,93.392342,0.204424,0
B2,1792.9883,99.59079,0.202322,0
B2,1793.4883,80.810997,0.204014,0
B2,1793.9883,61.431396,0.208311,0
B2,1794.4883,70.818939,0.215184,0
B2,1794.9883,80.89727,0.219567,0
B2,1795.4883,79.352371,0.221338,0
B2,1795.9883,77.528366,0.220737,0
B2,1796.4883,80.634308,0.217772,0
B2,1796.9883,83.858635,0.217225,0
B2,1797.4883,81.801033,0.219213,1
B2,1797.9883,79.6166,0.215984,1
B2,1798.4883,88.692841,0.207353,1
B2,1798.9883,98.039482,0.208484,1
B2,1799.4883,86.278061,0.219742,1
B2,1799.9883,74.009773,0.22403,1
B2,1800.4883,77.124702,0.220939,1
B2,1800.9883,80.609032,0.225632,1
B2,1801.4883,74.96756,0.238474,1
B2,1801.9883,69.106941,0.240983,1
B2,1802.4883,69.989449,0.232714,1
B2,1802.9883,71.033882,0.226917,1
B2,1803.4883,74.126648,0.223908,1
B2,1803.9883,77.2686,0.225761,1
B2,1804.4883,72.672775,0.232525,1
B2,1804.9883,67.891136,0.230201,1
B2,1805.4883,77.752716,0.218453,1
B2,1805.9883,87.965919,0.211828,1
B2,1806.4883,89.274651,0.210673,1
B2,1806.9883,90.36956,0.210525,1
B2,1807.4883,89.590225,0.211276,1
B2,1807.9883,88.765884,0.212093,1
B2,1808.4883,87.848541,0.212953,1
B2,1808.9883,86.928963,0.21575,1
B2,1809.4883,81.879021,0.220529,1
B2,1809.9883,76.729897,0.222496,1
B2,1810.4883,77.681061,0.221536,1
B2,1810.9883,78.778709,0.221567,1
B2,1811.4883,77.613358,0.222684,1
B2,1811.9883,76.393669,0.223328,1
B2,1812.4883,76.239693,0.22346,1
B2,1812.9883,76.111313,0.222705,1
B2,1813.4883,77.850754,0.221054,1
B2,1813.9883,79.635056,0.221734,1
B2,1814.4883,76.399406,0.224822,1
B2,1814.9883,73.043213,0.223232,1
B2,1815.4883,79.793564,0.216794,1
B2,1815.9883,86.786606,0.216179,1
B2,1816.4883,81.107948,0.221642,1
B2,1816.9883,75.125008,0.223617,1
B2,1817.4883,76.892723,0.221873,1
B2,1817.9883,78.84655,0.223687,1
B2,1818.4883,70.291679,0.229233,1
B2,1818.9883,61.48447,0.231583,1
B2,1819.4883,65.145576,0.230569,1
B2,1819.9883,69.106087,0.223311,1
B2,1820.4883,83.49765,0.20974,1
B2,1820.9883,98.139694,0.207781,1
B2,1821.4883,87.678711,0.217865,1
B2,1821.9883,76.614922,0.221535,1
B2,1822.4883,79.845909,0.218347,1
B2,1822.9883,83.420158,0.2159,1
B2,1823.4883,75.136467,0.214377,1
B2,1823.9883,66.568024,0.210376,1
B2,1824.4883,83.199013,0.203816,1
B2,1824.9883,100.43512,0.21042,1
B2,1825.4883,82.997955,0.230565,1
B2,1825.9883,64.72818,0.235302,1
B2,1826.4883,73.054794,0.223935,1
B2,1826.9883,82.020081,0.214504,1
B2,1827.4883,89.532539,0.207442,1
B2,1827.9883,97.010117,0.206213,1
B2,1828.4883,92.154678,0.210901,1
B2,1828.9883,87.00309,0.214541,1
B2,1829.4883,84.384392,0.216966,1
B2,1829.9883,81.826523,0.219485,1
B2,1830.4883,79.009117,0.222128,1
B2,1830.9883,76.185478,0.223242,1
B2,1831.4883,76.631744,0.222787,1
B2,1831.9883,77.156532,0.223472,1
B2,1832.4883,75.169296,0.225362,1
B2,1832.9883,73.121742,0.224135,1
B2,1833.4883,77.788033,0.219688,1
B2,1833.9883,82.615547,0.216763,1
B2,1834.4883,84.030472,0.215476,1
B2,1834.9883,85.363457,0.212828,0
B2,1835.4883,89.681488,0.208749,0
B2,1835.9883,94.071205,0.209904,0
B2,1836.4883,87.21611,0.216453,0
B2,1836.9883,80.091003,0.216609,0
B2,1837.4883,86.88382,0.210088,0
B2,1837.9883,94.010849,0.208661,0
B2,1838.4883,89.929787,0.21261,1
B2,1838.9883,85.579575,0.213072,1
B2,1839.4883,88.944588,0.209833,1
B2,1839.9883,92.494873,0.210589,1
B2,1840.4883,87.328674,0.215529,1
B2,1840.9883,81.953171,0.217541,1
B2,1841.4883,83.033455,0.216456,1
B2,1841.9883,84.268761,0.223807,1
B2,1842.4883,76.631531,0.239873,1
B2,1842.9883,68.781242,0.242666,1
B2,1843.4883,71.116074,0.231658,1
B2,1843.9883,73.695488,0.222338,1
B2,1844.4883,81.275414,0.215075,1
B2,1844.9883,88.975418,0.212594,1
B2,1845.4883,86.570877,0.21496,1
B2,1845.9883,83.923691,0.215583,1
B2,1846.4883,85.241478,0.214303,1
B2,1846.9883,86.654472,0.222901,1
B2,1847.4883,77.160332,0.241658,1
B2,1847.9883,67.404274,0.23971,1
B2,1848.4883,81.810715,0.216317,1
B2,1848.9883,96.797379,0.206397,1
B2,1849.4883,92.223602,0.210786,1
B2,1849.9883,87.180122,0.2156,1
B2,1850.4883,81.949631,0.220503,1
B2,1850.9883,76.714653,0.222598,1
B2,1851.4883,77.476723,0.221817,1
B2,1851.9883,78.38279,0.22261,1
B2,1852.4883,75.783287,0.225085,1
B2,1852.9883,73.099609,0.224332,1
B2,1853.4883,77.391312,0.220232,1
B2,1853.9883,81.850525,0.219679,1
B2,1854.4883,78.57251,0.222837,1
B2,1854.9883,75.108704,0.222644,1
B2,1855.4883,78.984665,0.21893,1
B2,1855.9883,83.03688,0.219596,1
B2,1856.4883,77.562637,0.224832,1
B2,1856.9883,71.859634,0.226013,1
B2,1857.4883,75.041878,0.222932,1
B2,1857.9883,78.437477,0.219726,1
B2,1858.4883,81.884972,0.216495,1
B2,1858.9883,85.33371,0.21358,1
B2,1859.4883,88.107368,0.210989,1
B2,1859.9883,90.864822,0.212521,1
B2,1860.4883,84.836273,0.218268,1
B2,1860.9883,78.596756,0.221096,1
B2,1861.4883,78.800369,0.220832,1
B2,1861.9883,79.158707,0.221206,1
B2,1862.4883,78.003624,0.222306,1
B2,1862.9883,76.812202,0.219712,0
B2,1863.4883,83.538239,0.213321,0
B2,1863.9883,90.454391,0.211855,0
B2,1864.4883,86.667419,0.215524,0
B2,1864.9883,82.623428,0.215758,0
B2,1865.4883,86.168411,0.212351,0
B2,1865.9883,89.895638,0.210417,1
B2,1866.4883,90.29705,0.210078,1
B2,1866.9883,90.618607,0.210674,1
B2,1867.4883,89.024445,0.21219,1
B2,1867.9883,87.384285,0.212276,1
B2,1868.4883,88.840584,0.210876,1
B2,1868.9883,90.371239,0.211258,1
B2,1869.4883,88.026398,0.213498,1
B2,1869.9883,85.588493,0.217748,1
B2,1870.4883,78.954834,0.224011,1
B2,1870.9883,72.220421,0.221915,1
B2,1871.4883,83.429321,0.21121,1
B2,1871.9883,95.069099,0.208618,1
B2,1872.4883,88.963364,0.214538,1
B2,1872.9883,82.431496,0.219645,1
B2,1873.4883,78.062592,0.223714,1
B2,1873.9883,73.745636,0.225705,1
B2,1874.4883,73.812828,0.225593,1
B2,1874.9883,73.985298,0.221825,1
B2,1875.4883,81.855103,0.214364,1
B2,1875.9883,89.909744,0.212856,1
B2,1876.4883,85.075752,0.21753,1
B2,1876.9883,79.932259,0.22032,1
B2,1877.4883,79.121735,0.22103,1
B2,1877.9883,78.415253,0.216714,1
B2,1878.4883,88.335983,0.207299,1
B2,1878.9883,98.511902,0.205829,1
B2,1879.4883,91.472527,0.212619,1
B2,1879.9883,84.01976,0.229036,1
B2,1880.4883,73.481239,0.255115,1
B2,1880.9883,62.868614,0.258047,1
B2,1881.4883,68.041031,0.237045,1
B2,1881.9883,73.592499,0.225186,1
B2,1882.4883,75.484711,0.223262,1
B2,1882.9883,77.289055,0.218716,1
B2,1883.4883,85.189949,0.211244,1
B2,1883.9883,93.237236,0.207503,1
B2,1884.4883,93.175285,0.207652,1
B2,1884.9883,92.91861,0.21098,1
B2,1885.4883,86.071083,0.21747,1
B2,1885.9883,79.065292,0.22058,1
B2,1886.4883,79.430908,0.220155,1
B2,1886.9883,79.973534,0.221393,1
B2,1887.4883,76.789375,0.224418,1
B2,1887.9883,73.515732,0.221859,1
B2,1888.4883,82.253647,0.213536,2
B2,1888.9883,91.279991,0.208883,2
B2,1889.4883,92.185318,0.208127,2
B2,1889.9883,92.89563,0.20952,2
B2,1890.4883,89.211456,0.213022,2
B2,1890.9883,85.421753,0.218173,2
B2,1891.4883,78.215958,0.224963,2
B2,1891.9883,70.928131,0.231694,2
B2,1892.4883,68.770851,0.238324,2
B2,1892.9883,66.736771,0.236422,2
B2,1893.4883,73.066162,0.225786,2
B2,1893.9883,79.59639,0.218884,2
B2,1894.4883,82.639618,0.216016,2
B2,1894.9883,85.599113,0.214816,2
B2,1895.4883,85.203064,0.215225,2
B2,1895.9883,84.726448,0.212007,2
B2,1896.4883,92.070595,0.205037,2
B2,1896.9883,99.602531,0.204194,2
B2,1897.4883,93.872513,0.209712,2
B2,1897.9883,87.824028,0.212568,2
B2,1898.4883,87.775909,0.212546,2
B2,1898.9883,87.871887,0.219241,2
B2,1899.4883,77.662849,0.232883,2
B2,1899.9883,67.20636,0.233071,2
B2,1900.4883,77.462357,0.219314,2
B2,1900.9883,88.215721,0.221404,2
B2,1901.4883,77.501663,0.240055,2
B2,1901.9883,66.27211,0.241469,2
B2,1902.4883,74.90921,0.224835,2
B2,1902.9883,84.023376,0.214872,2
B2,1903.4883,86.869965,0.212176,3
B2,1903.9883,89.566048,0.211674,3
B2,1904.4883,87.941628,0.213246,3
B2,1904.9883,86.213463,0.224299,3
B2,1905.4883,70.310303,0.245014,3
B2,1905.9883,54.066757,0.248976,3
B2,1906.4883,62.139305,0.235551,3
B2,1906.9883,70.795761,0.226951,3
B2,1907.4883,74.246262,0.22371,3
B2,1907.9883,77.571754,0.220234,3
B2,1908.4883,81.665405,0.21639,3
B2,1908.9883,85.777504,0.215019,3
B2,1909.4883,84.58989,0.216192,3
B2,1909.9883,83.275017,0.219071,3
B2,1910.4883,78.445808,0.223635,3
B2,1910.9883,73.532219,0.22674,3
B2,1911.4883,71.819138,0.228309,3
B2,1911.9883,70.182907,0.22278,3
B2,1912.4883,83.620377,0.210019,3
B2,1912.9883,97.419807,0.20378,3
B2,1913.4883,96.938103,0.204393,3
B2,1913.9883,96.113457,0.207048,1
B2,1914.4883,91.270279,0.21163,1
B2,1914.9883,86.330612,0.211316,1
B2,1915.4883,91.940956,0.205941,1
B2,1915.9883,97.804634,0.205883,1
B2,1916.4883,92.066055,0.21139,1
B2,1916.9883,86.048866,0.214986,1
B2,1917.4883,84.390182,0.216491,1
B2,1917.9883,82.836166,0.218305,1
B2,1918.4883,80.518227,0.220486,1
B2,1918.9883,78.181946,0.22311,1
B2,1919.4883,74.914848,0.226182,1
B2,1919.9883,71.625397,0.226532,1
B2,1920.4883,74.168854,0.224083,1
B2,1920.9883,76.852386,0.222195,1
B2,1921.4883,78.198357,0.220949,1
B2,1921.9883,79.512207,0.216101,1
B2,1922.4883,88.547104,0.207549,1
B2,1922.9883,97.767403,0.207079,1
B2,1923.4883,89.549118,0.214976,1
B2,1923.9883,80.912079,0.221383,1
B2,1924.4883,75.873573,0.226063,1
B2,1924.9883,70.921478,0.226017,1
B2,1925.4883,75.970474,0.221174,1
B2,1925.9883,81.259628,0.217236,1
B2,1926.4883,84.375732,0.214341,1
B2,1926.9883,87.439659,0.213812,1
B2,1927.4883,85.504211,0.215682,1
B2,1927.9883,83.448723,0.215,1
B2,1928.4883,86.961113,0.211646,1
B2,1928.9883,90.607201,0.213731,1
B2,1929.4883,82.510361,0.221449,1
B2,1929.9883,74.131531,0.223916,1
B2,1930.4883,77.245094,0.220869,1
B2,1930.9883,80.634621,0.217793,1
B2,1931.4883,83.812584,0.214818,1
B2,1931.9883,86.985466,0.215014,1
B2,1932.4883,83.396049,0.218452,1
B2,1932.9883,79.644257,0.218556,1
B2,1933.4883,83.175674,0.215164,1
B2,1933.9883,86.881981,0.21431,1
B2,1934.4883,85.000526,0.216136,1
B2,1934.9883,82.984894,0.217799,1
B2,1935.4883,81.450493,0.219232,1
B2,1935.9883,79.927643,0.219934,1
B2,1936.4883,79.95182,0.219893,1
B2,1936.9883,80.013145,0.220576,1
B2,1937.4883,78.492607,0.222019,1
B2,1937.9883,76.934082,0.218139,1
B2,1938.4883,71.548241,0.208791,1
B2,1938.9883,66.070496,0.208937,1
B2,1939.4883,70.505913,0.218936,1
B2,1939.9883,75.179382,0.223382,1
B2,1940.4883,76.973701,0.221904,1
B2,1940.9883,78.698875,0.220324,1
B2,1941.4883,80.346275,0.218781,1
B2,1941.9883,81.991798,0.220632,1
B2,1942.4883,76.396317,0.225955,1
B2,1942.9883,70.626961,0.22804,1
B2,1943.4883,71.947739,0.226722,1
B2,1943.9883,73.438766,0.223853,1
B2,1944.4883,70.751068,0.219476,1
B2,1944.9883,67.96302,0.219775,1
B2,1945.4883,69.762169,0.224898,1
B2,1945.9883,71.671471,0.225489,1
B2,1946.4883,76.171684,0.221326,1
B2,1946.9883,80.734123,0.215875,1
B2,1947.4883,87.806557,0.209221,1
B2,1947.9883,94.93927,0.208046,1
B2,1948.4883,90.313736,0.212512,1
B2,1948.9883,85.405846,0.216809,1
B2,1949.4883,81.141945,0.220797,1
B2,1949.9883,76.893501,0.223046,1
B2,1950.4883,76.340508,0.223522,1
B2,1950.9883,75.876259,0.229143,1
B2,1951.4883,72.263107,0.240073,1
B2,1951.9883,68.574348,0.240403,1
B2,1952.4883,71.938583,0.229752,1
B2,1952.9883,75.472176,0.222504,1
B2,1953.4883,79.11087,0.219004,1
B2,1953.9883,82.752083,0.219414,0
B2,1954.4883,78.236961,0.223736,0
B2,1954.9883,73.525978,0.225771,0
B2,1955.4883,73.892471,0.225371,0
B2,1955.9883,74.38089,0.225363,0
B2,1956.4883,73.909744,0.225815,0
B2,1956.9883,73.415558,0.220713,0
B2,1957.4883,84.799469,0.209913,0
B2,1957.9883,96.468605,0.209489,0
B2,1958.4883,85.704269,0.219828,0
B2,1958.9883,74.401237,0.220689,0
B2,1959.4883,83.865959,0.211587,0
B2,1959.9883,93.829376,0.207344,0
B2,1960.4883,92.922829,0.208315,0
B2,1960.9883,91.755264,0.210599,0
B2,1961.4883,88.04924,0.2141,0
B2,1961.9883,84.282265,0.214118,0
B2,1962.4883,88.009544,0.210541,1
B2,1962.9883,91.916786,0.212129,1
B2,1963.4883,84.621735,0.21909,1
B2,1963.9883,77.057678,0.222862,1
B2,1964.4883,76.570976,0.223238,1
B2,1964.9883,76.254219,0.222399,1
B2,1965.4883,78.361153,0.220398,1
B2,1965.9883,80.526283,0.219292,1
B2,1966.4883,71.04686,0.219131,1
B2,1966.9883,61.287811,0.227201,1
B2,1967.4883,63.357552,0.243676,1
B2,1967.9883,65.711334,0.254308,1
B2,1968.4883,62.57394,0.258754,1
B2,1968.9883,59.304684,0.24926,1
B2,1969.4883,72.900909,0.225639,1
B2,1969.9883,86.902122,0.209716,1
B2,1970.4883,75.547386,0.202013,1
B2,1970.9883,63.583767,0.205049,1
B2,1971.4883,68.13092,0.218883,1
B2,1971.9883,73.074554,0.222647,1
B2,1972.4883,80.543777,0.215839,1
B2,1972.9883,88.073647,0.214684,1
B2,1973.4883,83.009018,0.219572,1
B2,1973.9883,77.641953,0.218299,1
B2,1974.4883,85.726875,0.210572,1
B2,1974.9883,94.134811,0.211013,1
B2,1975.4883,84.785721,0.219973,1
B2,1975.9883,75.010223,0.220672,1
B2,1976.4883,83.293953,0.212707,1
B2,1976.9883,92.011337,0.213745,1
B2,1977.4883,81.078751,0.224209,1
B2,1977.9883,69.674309,0.226251,1
B2,1978.4883,76.718178,0.219444,1
B2,1978.9883,84.20504,0.216758,1
B2,1979.4883,82.451492,0.218506,1
B2,1979.9883,80.476051,0.218546,1
B2,1980.4883,82.365463,0.216731,1
B2,1980.9883,84.347679,0.215456,1
B2,1981.4883,85.088867,0.214775,1
B2,1981.9883,85.800247,0.211064,1
B2,1982.4883,93.009956,0.204236,1
B2,1982.9883,100.3757,0.205591,1
B2,1983.4883,90.117104,0.215401,1
B2,1983.9883,79.43528,0.222072,1
B2,1984.4883,75.878899,0.225324,1
B2,1984.9883,72.493614,0.223836,1
B2,1985.4883,79.053513,0.217578,1
B2,1985.9883,85.852219,0.216237,1
B2,1986.4883,81.915955,0.220046,1
B2,1986.9883,77.721916,0.221592,1
B2,1987.4883,78.616417,0.220696,1
B2,1987.9883,79.633102,0.22187,1
B2,1988.4883,76.112869,0.225219,1
B2,1988.9883,72.483688,0.2247,1
B2,1989.4883,77.220657,0.220167,1
B2,1989.9883,82.158531,0.216444,1
B2,1990.4883,85.168388,0.213645,1
B2,1990.9883,88.13195,0.213319,2
B2,1991.4883,85.864471,0.215502,2
B2,1991.9883,83.471375,0.216872,2
B2,1992.4883,82.941635,0.217347,2
B2,1992.9883,82.45665,0.217995,2
B2,1993.4883,81.559044,0.218841,2
B2,1993.9883,80.651535,0.219871,2
B2,1994.4883,79.359673,0.221086,2
B2,1994.9883,78.058578,0.218667,2
B2,1995.4883,84.522903,0.212523,2
B2,1995.9883,91.173706,0.212073,2
B2,1996.4883,85.483986,0.217542,2
B2,1996.9883,79.49794,0.221313,2
B2,1997.4883,77.435036,0.223203,2
B2,1997.9883,75.466331,0.217948,2
B2,1998.4883,88.651924,0.205423,2
B2,1998.9883,102.20141,0.203239,2
B2,1999.4883,93.312683,0.21182,2
B2,1999.9883,83.885139,0.219163,2
B2,2000.4883,77.637512,0.224981,2
B2,2000.9883,71.466248,0.227306,2
B2,2001.4883,72.675003,0.226091,2
B2,2001.9883,74.060966,0.223505,2
B2,2002.4883,78.193275,0.219602,2
B2,2002.9883,82.391533,0.216737,0
B2,2003.4883,84.308907,0.214967,0
B2,2003.9883,86.171501,0.215657,0
B2,2004.4883,82.83606,0.21884,0
B2,2004.9883,79.375793,0.221599,0
B2,2005.4883,76.947762,0.223862,0
B2,2005.9883,74.544518,0.223182,0
B2,2006.4883,78.399651,0.2195,0
B2,2006.9883,82.405075,0.21505,0
B2,2007.4883,87.897476,0.209887,0
B2,2007.9883,93.425583,0.212142,0
B2,2008.4883,83.084068,0.22201,2
B2,2008.9883,72.361481,0.221017,2
B2,2009.4883,85.204849,0.208718,2
B2,2009.9883,98.614113,0.208587,2
B2,2010.4883,85.485596,0.221186,2
B2,2010.9883,71.719833,0.22438,2
B2,2011.4883,78.66729,0.217638,2
B2,2011.9883,86.112137,0.215834,2
B2,2012.4883,82.517471,0.219326,2
B2,2012.9883,78.657707,0.220227,2
B2,2013.4883,80.594986,0.218347,2
B2,2013.9883,82.671471,0.217983,2
B2,2014.4883,81.371758,0.219238,2
B2,2014.9883,79.990982,0.22862,2
B2,2015.4883,69.825661,0.246283,2
B2,2015.9883,59.44939,0.259547,2
B2,2016.4883,62.564865,0.268111,2
B2,2016.9883,66.004318,0.263959,2
B2,2017.4883,67.519417,0.246901,2
B2,2017.9883,68.988304,0.235975,2
B2,2018.4883,69.393852,0.231639,2
B2,2018.9883,69.773865,0.237328,
B2,2019.4883,65.574982,0.253123,
B2,2019.9883,61.266144,0.252216,
B2,2020.4883,68.112534,0.233961,2
B2,2020.9883,75.226799,0.225494,2
B2,2021.4883,73.082108,0.227467,2
B2,2021.9883,70.715073,0.228019,2
B2,2022.4883,71.904732,0.226864,2
B2,2022.9883,73.179794,0.229834,2
B2,2023.4883,65.380219,0.237067,2
B2,2023.9883,57.362728,0.236543,2
B2,2024.4883,66.491531,0.22797,2
B2,2024.9883,76.032066,0.224725,2
B2,2025.4883,73.614502,0.227127,2
B2,2025.9883,70.909782,0.227651,2
B2,2026.4883,72.49572,0.226117,2
B2,2026.9883,74.184685,0.224925,2
B2,2027.4883,75.039291,0.224133,2
B2,2027.9883,75.873863,0.224199,2
B2,2028.4883,74.898491,0.225134,2
B2,2028.9883,73.879662,0.226524,2
B2,2029.4883,71.930374,0.228361,2
B2,2029.9883,69.958748,0.240447,2
B2,2030.4883,64.761993,0.263017,2
B2,2030.9883,59.487785,0.263031,2
B2,2031.4883,65.628296,0.239694,2
B2,2031.9883,72.042908,0.236856,2
B2,2032.4883,69.724487,0.255571,2
B2,2032.9883,67.196365,0.255101,2
B2,2033.4883,71.571632,0.234468,2
B2,2033.9883,76.112663,0.223369,2
B2,2034.4883,76.855057,0.222518,2
B2,2034.9883,77.506226,0.221704,2
B2,2035.4883,78.592567,0.220681,2
B2,2035.9883,79.689362,0.230251,2
B2,2036.4883,72.952583,0.250672,2
B2,2036.9883,66.027695,0.248897,2
B2,2037.4883,77.450432,0.224133,2
B2,2037.9883,89.313759,0.204767,2
B2,2038.4883,103.29293,0.191479,2
B2,2038.9883,117.3229,0.18265,2
B2,2039.4883,122.13928,0.178241,2
B2,2039.9883,126.73442,0.175643,0
B2,2040.4883,127.68534,0.174793,0
B2,2040.9883,128.54875,0.174199,0
B2,2041.4883,128.95297,0.173825,0
B2,2041.9883,129.34616,0.175269,0
B2,2042.4883,125.87198,0.178567,0
B2,2042.9883,122.30495,0.178861,0
B2,2043.4883,125.24568,0.176032,0
B2,2043.9883,128.3427,0.176808,0
B2,2044.4883,123.58974,0.181349,0
B2,2044.9883,118.64829,0.180957,0
B2,2045.4883,124.42706,0.175422,0
B2,2045.9883,130.46326,0.173699,0
B2,2046.4883,128.10567,0.176002,0
B2,2046.9883,125.54652,0.175043,0
B2,2047.4883,130.15324,0.170646,0
B2,2047.9883,134.93205,0.172212,0
B2,2048.4883,126.81013,0.179967,0
B2,2048.9883,118.37843,0.182808,0
B2,2049.4883,120.74658,0.180467,0
B2,2049.9883,123.37406,0.181358,0
B2,2050.4883,118.8456,0.185682,0
B2,2050.9883,114.1453,0.187649,0
B2,2051.4883,114.64776,0.187119,0
B2,2051.9883,115.27515,0.184968,0
B2,2052.4883,119.24,0.181215,0
B2,2052.9883,123.28498,0.180628,0
B2,2053.4883,120.49359,0.18332,0
B2,2053.9883,117.53803,0.185585,0
B2,2054.4883,115.65793,0.187335,0
B2,2054.9883,113.80366,0.186204,0
B2,2055.4883,118.07194,0.182136,0
B2,2055.9883,122.48724,0.183061,0
B2,2056.4883,116.09643,0.189171,0
B2,2056.9883,109.44613,0.190092,0
B2,2057.4883,114.12976,0.185577,0
B2,2057.9883,119.08555,0.184127,0
B2,2058.4883,117.22519,0.185947,0
B2,2058.9883,115.20114,0.187059,0
B2,2059.4883,114.85167,0.187366,0
B2,2059.9883,114.54241,0.186762,0
B2,2060.4883,116.14275,0.185241,0
B2,2060.9883,117.78895,0.182618,0
B2,2061.4883,121.74055,0.17889,0
B2,2061.9883,125.74751,0.17477,0
B2,2062.4883,130.53362,0.170277,0
B2,2062.9883,135.33844,0.171412,0
B2,2063.4883,128.112,0.178318,0
B2,2063.9883,120.59665,0.181523,0
B2,2064.4883,121.27248,0.180797,0
B2,2064.9883,122.14501,0.182437,0
B2,2065.4883,117.77157,0.186594,0
B2,2065.9883,113.27216,0.183746,0
B2,2066.4883,123.84912,0.173666,0
B2,2066.9883,134.78812,0.171485,0
B2,2067.4883,128.50452,0.177567,0
B2,2067.9883,121.80736,0.179008,0
B2,2068.4883,125.42781,0.1755,0
B2,2068.9883,129.29602,0.173079,0
B2,2069.4883,130.59596,0.17189,0
B2,2069.9883,131.83424,0.171328,0
B2,2070.4883,131.79366,0.171381,0
B2,2070.9883,131.72237,0.175878,0
B2,2071.4883,122.19478,0.184911,0
B2,2071.9883,112.44013,0.187173,0
B2,2072.4883,117.36585,0.182393,0
B2,2072.9883,122.64408,0.180137,0
B2,2073.4883,122.18135,0.180636,0
B2,2073.9883,121.58076,0.17804,0
B2,2074.4883,127.72079,0.172211,0
B2,2074.9883,134.02267,0.171624,0
B2,2075.4883,128.97462,0.176482,0
B2,2075.9883,123.65403,0.179612,0
B2,2076.4883,122.29196,0.180844,0
B2,2076.9883,121.02494,0.180628,0
B2,2077.4883,122.75209,0.178977,0
B2,2077.9883,124.55114,0.199258,0
B2,2078.4883,95.748993,0.242032,0
B2,2078.9883,66.212021,0.267488,0
B2,2079.4883,56.7617,0.274671,0
B2,2079.9883,47.793724,0.271178,0
B2,2080.4883,48.171776,0.257193,0
B2,2080.9883,48.774254,0.252449,0
B2,2081.4883,51.246441,0.25742,0
B2,2081.9883,53.763523,0.264995,2
B2,2082.4883,50.143208,0.275006,2
B2,2082.9883,46.375515,0.275775,2
B2,2083.4883,47.555309,0.267023,2
B2,2083.9883,48.853905,0.265572,2
B2,2084.4883,48.225422,0.271826,2
B2,2084.9883,47.550663,0.257604,2
B2,2085.4883,53.539219,0.222229,2
B2,2085.9883,59.687782,0.205828,2
B2,2086.4883,74.064606,0.209365,2
B2,2086.9883,88.639015,0.215547,2
B2,2087.4883,80.159805,0.223959,2
B2,2087.9883,71.127007,0.234415,2
B2,2088.4883,65.987419,0.246912,2
B2,2088.9883,60.941319,0.242595,2
B2,2089.4883,75.593323,0.221011,2
B2,2089.9883,90.718346,0.214571,2
B2,2090.4883,80.801712,0.224052,2
B2,2090.9883,70.283745,0.227004,2
B2,2091.4883,74.501984,0.222886,2
B2,2091.9883,79.074074,0.218048,2
B2,2092.4883,84.830009,0.212641,2
B2,2092.9883,90.61438,0.22385,2
B2,2093.4883,75.924347,0.252087,2
B2,2093.9883,60.742664,0.254557,2
B2,2094.4883,71.372116,0.230234,2
B2,2094.9883,82.621368,0.218946,2
B2,2095.4883,79.725143,0.22165,2
B2,2095.9883,76.489235,0.228826,2
B2,2096.4883,71.526527,0.240246,2
B2,2096.9883,66.522346,0.238676,2
B2,2097.4883,75.221443,0.2237,2
B2,2097.9883,84.249603,0.215343,2
B2,2098.4883,85.598022,0.214086,2
B2,2098.9883,86.762024,0.222019,2
B2,2099.4883,76.729591,0.23919,2
B2,2099.9883,66.428291,0.238349,1
B2,2100.4883,78.91095,0.218843,1
B2,2100.9883,91.94072,0.209111,1
B2,2101.4883,91.233482,0.209837,1
B2,2101.9883,90.196381,0.211525,1
B2,2102.4883,87.630096,0.213947,1
B2,2102.9883,85.0271,0.21788,1
B2,2103.4883,79.235725,0.223342,1
B2,2103.9883,73.36779,0.222938,1
B2,2104.4883,80.099617,0.216489,1
B2,2104.9883,87.13401,0.211351,1
B2,2105.4883,91.065674,0.207701,1
B2,2105.9883,94.922829,0.205919,1
B2,2106.4883,94.870369,0.206012,1
B2,2106.9883,94.724022,0.223219,1
B2,2107.4883,76.219666,0.257904,1
B2,2107.9883,57.274483,0.261589,1
B2,2108.4883,69.222755,0.233109,1
B2,2108.9883,81.912872,0.216039,1
B2,2109.4883,86.711922,0.206545,1
B2,2109.9883,91.32148,0.199195,1
B2,2110.4883,91.729095,0.198744,1
B2,2110.9883,92.035805,0.203417,1
B2,2111.4883,81.754143,0.213169,1
B2,2111.9883,71.218224,0.215066,1
B2,2112.4883,77.706215,0.208795,1
B2,2112.9883,84.603004,0.205113,1
B2,2113.4883,85.564987,0.204278,1
B2,2113.9883,86.384453,0.202248,0
B2,2114.4883,89.898689,0.198926,0
B2,2114.9883,93.477638,0.201984,0
B2,2115.4883,77.722878,0.21161,0
B2,2115.9883,61.503853,0.215796,0
B2,2116.4883,68.515732,0.214255,0
B2,2116.9883,76.085457,0.212766,0
B2,2117.4883,77.610672,0.211469,0
B2,2117.9883,78.99073,0.209416,0
B2,2118.4883,81.99176,0.206586,0
B2,2118.9883,85.031708,0.212901,0
B2,2119.4883,75.465492,0.228601,1
B2,2119.9883,65.596565,0.22779,1
B2,2120.4883,77.532135,0.209844,1
B2,2120.9883,89.991302,0.202436,1
B2,2121.4883,86.057068,0.206229,1
B2,2121.9883,81.729179,0.205618,1
B2,2122.4883,87.361374,0.200229,1
B2,2122.9883,93.232742,0.199374,1
B2,2123.4883,89.186119,0.203277,1
B2,2123.9883,84.901337,0.207564,1
B2,2124.4883,80.034447,0.212131,1
B2,2124.9883,75.153572,0.224863,1
B2,2125.4883,70.681282,0.245949,1
B2,2125.9883,66.218796,0.251552,1
B2,2126.4883,65.687386,0.2411,1
B2,2126.9883,65.250366,0.229043,1
B2,2127.4883,73.037582,0.215728,1
B2,2127.9883,81.022285,0.208746,1
B2,2128.4883,81.536629,0.208279,1
B2,2128.9883,81.87159,0.209929,1
B2,2129.4883,78.016518,0.213588,1
B2,2129.9883,74.060837,0.212457,1
B2,2130.4883,80.431046,0.206372,1
B2,2130.9883,87.04921,0.204619,1
B2,2131.4883,84.172859,0.207422,1
B2,2131.9883,81.068512,0.208914,1
B2,2132.4883,80.987366,0.208956,1
B2,2132.9883,80.978813,0.210857,1
B2,2133.4883,76.929466,0.214696,1
B2,2133.9883,72.783089,0.216092,1
B2,2134.4883,73.95105,0.214937,1
B2,2134.9883,75.246628,0.211838,1
B2,2135.4883,80.567902,0.206807,1
B2,2135.9883,85.985847,0.205662,1
B2,2136.4883,83.011215,0.208543,1
B2,2136.9883,79.835052,0.212494,1
B2,2137.4883,74.543579,0.217442,1
B2,2137.9883,69.201302,0.218736,1
B2,2138.4883,67.186104,0.216263,1
B2,2138.9883,65.250801,0.219253,1
B2,2139.4883,66.939331,0.227928,1
B2,2139.9883,68.714882,0.224295,1
B2,2140.4883,79.812508,0.207923,0
B2,2140.9883,91.133987,0.200853,0
B2,2141.4883,88.281021,0.203614,0
B2,2141.9883,85.087677,0.204847,0
B2,2142.4883,85.649239,0.204278,0
B2,2142.9883,86.300964,0.206912,0
B2,2143.4883,80.026054,0.21287,0
B2,2143.9883,73.584816,0.214459,1
B2,2144.4883,76.634453,0.211495,1
B2,2144.9883,79.911995,0.203455,1
B2,2145.4883,71.861519,0.190328,1
B2,2145.9883,63.539024,0.187487,1
B2,2146.4883,76.872131,0.195302,1
B2,2146.9883,90.725266,0.200741,1
B2,2147.4883,88.248039,0.203492,1
B2,2147.9883,85.378677,0.20152,1
B2,2148.4883,92.458878,0.194774,1
B2,2148.9883,99.778,0.191945,1
B2,2149.4883,84.13221,0.19324,1
B2,2149.9883,67.934975,0.199498,1
B2,2150.4883,70.085197,0.210738,1
B2,2150.9883,72.67601,0.213997,1
B2,2151.4883,78.184898,0.208964,1
B2,2151.9883,83.763855,0.205604,1
B2,2152.4883,85.356804,0.204156,1
B2,2152.9883,86.854034,0.20366,1
B2,2153.4883,86.415085,0.204093,1
B2,2153.9883,85.929642,0.207665,1
B2,2154.4883,78.791153,0.214429,1
B2,2154.9883,71.492905,0.218221,1
B2,2155.4883,67.435234,0.218894,1
B2,2155.9883,63.455376,0.218078,1
B2,2156.4883,69.022865,0.215808,1
B2,2156.9883,74.819611,0.211375,1
B2,2157.4883,81.902206,0.204762,1
B2,2157.9883,89.015678,0.20001,1
B2,2158.4883,92.044525,0.197218,1
B2,2158.9883,94.975296,0.197226,1
B2,2159.4883,92.027939,0.200054,1
B2,2159.9883,88.93943,0.199698,1
B2,2160.4883,92.787056,0.196015,1
B2,2160.9883,96.801247,0.195253,1
B2,2161.4883,94.414551,0.197561,1
B2,2161.9883,91.874153,0.202727,1
B2,2162.4883,83.387451,0.210746,1
B2,2162.9883,74.757965,0.212721,1
B2,2163.4883,79.1698,0.208441,1
B2,2163.9883,83.894791,0.203806,1
B2,2164.4883,89.062187,0.19896,1
B2,2164.9883,94.240204,0.200076,1
B2,2165.4883,86.679703,0.207303,1
B2,2165.9883,78.813316,0.210797,1
B2,2166.4883,70.423271,0.210322,1
B2,2166.9883,62.020641,0.20669,2
B2,2167.4883,77.753212,0.199921,2
B2,2167.9883,94.065346,0.201687,2
B2,2168.4883,83.202766,0.21227,2
B2,2168.9883,71.687637,0.216332,2
B2,2169.4883,74.533485,0.213504,2
B2,2169.9883,77.724182,0.208022,2
B2,2170.4883,86.234489,0.199989,2
B2,2170.9883,94.872543,0.20085,2
B2,2171.4883,84.395653,0.210882,2
B2,2171.9883,73.459755,0.21127,2
B2,2172.4883,69.302643,0.201563,2
B2,2172.9883,65.308311,0.201264,2
B2,2173.4883,69.254601,0.210842,2
B2,2173.9883,73.391563,0.215381,2
B2,2174.4883,74.516335,0.214521,2
B2,2174.9883,75.568764,0.213735,2
B2,2175.4883,76.193336,0.213155,2
B2,2175.9883,76.807632,0.2105,2
B2,2176.4883,81.859993,0.205717,2
B2,2176.9883,87.018921,0.204762,2
B2,2177.4883,83.898102,0.207779,2
B2,2177.9883,80.578453,0.209629,2
B2,2178.4883,79.949944,0.210188,2
B2,2178.9883,79.386055,0.210442,2
B2,2179.4883,79.407143,0.210416,2
B2,2179.9883,79.442276,0.208451,2
B2,2180.4883,83.600266,0.204509,2
B2,2180.9883,87.857254,0.20416,2
B2,2181.4883,84.345573,0.207538,2
B2,2181.9883,80.647354,0.208782,2
B2,2182.4883,81.68972,0.207752,2
B2,2182.9883,82.845924,0.208288,2
B2,2183.4883,80.546722,0.210481,2
B2,2183.9883,78.164543,0.223627,2
B2,2184.4883,66.612206,0.24795,2
B2,2184.9883,54.839668,0.245348,2
B2,2185.4883,58.216293,0.214908,2
B2,2185.9883,61.956699,0.198657,2
B2,2186.4883,65.220818,0.197605,2
B2,2186.9883,68.473503,0.20498,2
B2,2187.4883,68.06691,0.220618,2
B2,2187.9883,67.572441,0.2251,2
B2,2188.4883,71.443901,0.21796,2
B2,2188.9883,75.420197,0.212317,2
B2,2189.4883,79.463402,0.208484,2
B2,2189.9883,83.508209,0.209764,2
B2,2190.4883,76.730988,0.216236,2
B2,2190.9883,69.693893,0.216245,2
B2,2191.4883,76.712532,0.209511,1
B2,2191.9883,84.068687,0.205539,1
B2,2192.4883,85.189545,0.204559,1
B2,2192.9883,86.160667,0.205042,1
B2,2193.4883,84.158638,0.206951,1
B2,2193.9883,82.085213,0.206562,1
B2,2194.4883,84.990089,0.203784,1
B2,2194.9883,88.014511,0.205932,1
B2,2195.4883,80.403976,0.213183,1
B2,2195.9883,72.538055,0.216749,1
B2,2196.4883,72.793045,0.216418,0
B2,2196.9883,73.24305,0.215276,0
B2,2197.4883,75.232201,0.213395,0
B2,2197.9883,77.258308,0.209647,0
B2,2198.4883,83.23111,0.204006,0
B2,2198.9883,89.298676,0.203207,0
B2,2199.4883,84.936859,0.207412,0
B2,2199.9883,80.3246,0.210302,1
B2,2200.4883,78.76825,0.211726,1
B2,2200.9883,77.285278,0.212318,1
B2,2201.4883,77.503654,0.212094,1
B2,2201.9883,77.762886,0.210174,1
B2,2202.4883,81.604004,0.206534,1
B2,2202.9883,85.531128,0.204582,1
B2,2203.4883,85.770035,0.204399,1
B2,2203.9883,85.920372,0.20794,1
B2,2204.4883,78.213783,0.215249,1
B2,2204.9883,70.31852,0.21316,1
B2,2205.4883,82.673607,0.201355,1
B2,2205.9883,95.514961,0.196714,1
B2,2206.4883,92.580269,0.199642,1
B2,2206.9883,89.266747,0.199995,1
B2,2207.4883,91.826378,0.197531,1
B2,2207.9883,94.527039,0.195796,1
B2,2208.4883,95.529945,0.194875,1
B2,2208.9883,96.492088,0.197654,1
B2,2209.4883,89.59816,0.204201,1
B2,2209.9883,82.515579,0.209883,1
B2,2210.4883,75.513481,0.214586,1
B2,2210.9883,68.513313,0.216768,1
B2,2211.4883,66.467903,0.216391,1
B2,2211.9883,64.541473,0.214165,1
B2,2212.4883,73.064621,0.210108,1
B2,2212.9883,81.838692,0.210643,1
B2,2213.4883,76.423744,0.215924,1
B2,2213.9883,70.668076,0.215713,1
B2,2214.4883,76.87542,0.209761,1
B2,2214.9883,83.370041,0.20714,1
B2,2215.4883,82.470871,0.208066,1
B2,2215.9883,81.394157,0.210483,2
B2,2216.4883,77.311333,0.214343,2
B2,2216.9883,73.156319,0.217077,2
B2,2217.4883,71.473473,0.218626,2
B2,2217.9883,69.849983,0.217046,2
B2,2218.4883,74.846474,0.21229,2
B2,2218.9883,80.00193,0.21052,2
B2,2219.4883,78.624329,0.211884,2
B2,2219.9883,77.089844,0.210888,2
B2,2220.4883,80.751862,0.207398,2
B2,2220.9883,84.538658,0.206786,2
B2,2221.4883,82.057991,0.20918,2
B2,2221.9883,79.426826,0.206585,2
B2,2222.4883,87.599434,0.198806,2
B2,2222.9883,96.031471,0.203115,2
B2,2223.4883,81.140671,0.219927,2
B2,2223.9883,65.689812,0.22464,2
B2,2224.4883,71.212555,0.216662,2
B2,2224.9883,77.23893,0.167407,2
B2,2225.4883,79.677979,0.120132,2
B2,2225.9883,82.030884,0.116525,2
B2,2226.4883,85.123505,0.113619,0
B2,2226.9883,88.233887,0.111409,0
B2,2227.4883,89.839584,0.109922,0
B2,2227.9883,91.409149,0.10841,0
B2,2228.4883,93.067131,0.106855,0
B2,2228.9883,94.727234,0.10907,0
B2,2229.4883,88.339333,0.115146,0
B2,2229.9883,81.758171,0.11797,0
B2,2230.4883,82.310814,0.117372,0
B2,2230.9883,83.034767,0.115114,0
B2,2231.4883,87.130959,0.111238,0
B2,2231.9883,91.308128,0.10688,0
B2,2232.4883,96.432861,0.102068,0
B2,2232.9883,101.58035,0.104234,0
B2,2233.4883,91.809952,0.113556,0
B2,2233.9883,81.681335,0.119227,0
B2,2234.4883,79.705406,0.120987,0
B2,2234.9883,77.925262,0.120686,0
B2,2235.4883,80.348862,0.118367,0
B2,2235.9883,82.873398,0.116962,0
B2,2236.4883,83.347916,0.116541,0
B2,2236.9883,83.773209,0.12406,0
B2,2237.4883,76.388527,0.139688,0
B2,2237.9883,68.816299,0.14253,0
B2,2238.4883,70.758583,0.132085,0
B2,2238.9883,72.929337,0.130917,0
B2,2239.4883,68.853622,0.139567,0
B2,2239.9883,64.627914,0.145327,0
B2,2240.4883,66.690292,0.14789,0
B2,2240.9883,68.903664,0.13818,0
B2,2241.4883,82.515289,0.115979,0
B2,2241.9883,96.40062,0.105574,0
B2,2242.4883,94.366776,0.107547,0
B2,2242.9883,91.950661,0.112336,0
B2,2243.4883,84.145081,0.119711,0
B2,2243.9883,76.210075,0.11958,0
B2,2244.4883,84.422775,0.111703,0
B2,2244.9883,93.023224,0.109862,0
B2,2245.4883,88.353226,0.114387,0
B2,2245.9883,83.364555,0.118338,0
B2,2246.4883,79.920418,0.121547,0
B2,2246.9883,76.513367,0.120973,0
B2,2247.4883,81.147202,0.116541,0
B2,2247.9883,85.974121,0.115749,0
B2,2248.4883,82.835861,0.118779,0
B2,2248.9883,79.50634,0.120731,0
B2,2249.4883,78.669273,0.121488,0
B2,2249.9883,77.892059,0.123577,0
B2,2250.4883,74.211311,0.127058,0
B2,2250.9883,70.460838,0.125912,0
B2,2251.4883,76.656662,0.119995,0
B2,2251.9883,83.091331,0.120043,0
B2,2252.4883,76.553268,0.126315,0
B2,2252.9883,69.703682,0.128221,0
B2,2253.4883,72.485214,0.125506,0
B2,2253.9883,75.498024,0.122998,0
B2,2254.4883,77.839455,0.120812,0
B2,2254.9883,80.164772,0.120194,0
B2,2255.4883,79.157227,0.121175,0
B2,2255.9883,78.069649,0.129713,0
B2,2256.4883,73.095184,0.14595,0
B2,2256.9883,68.027382,0.145531,0
B2,2257.4883,74.573792,0.127872,0
B2,2257.9883,81.399094,0.117069,0
B2,2258.4883,84.887383,0.113701,0
B2,2258.9883,88.29554,0.110343,0
B2,2259.4883,92.054214,0.106818,0
B2,2259.9883,95.821312,0.104825,0
B2,2260.4883,96.307129,0.104407,0
B2,2260.9883,96.714149,0.106085,0
B2,2261.4883,92.725029,0.109872,0
B2,2261.9883,88.630341,0.116023,0
B2,2262.4883,79.595139,0.124545,0
B2,2262.9883,70.441307,0.124015,0
B2,2263.4883,80.726601,0.114159,0
B2,2263.9883,91.478683,0.113704,0
B2,2264.4883,81.69603,0.123101,0
B2,2264.9883,71.42028,0.127321,0
B2,2265.4883,72.689667,0.126002,0
B2,2265.9883,74.236282,0.124253,0
B2,2266.4883,76.422104,0.122198,0
B2,2266.9883,78.623276,0.116287,0
B2,2267.4883,89.038063,0.106437,0
B2,2267.9883,99.650085,0.10498,0
B2,2268.4883,92.148834,0.112212,0
B2,2268.9883,84.212631,0.118897,0
B2,2269.4883,77.880447,0.124812,0
B2,2269.9883,71.586777,0.125157,0
B2,2270.4883,77.142105,0.119818,0
B2,2270.9883,82.981964,0.117905,0
B2,2271.4883,81.226616,0.119635,0
B2,2271.9883,79.288879,0.11745,0
B2,2272.4883,85.890007,0.11117,0
B2,2272.9883,92.696175,0.111901,0
B2,2273.4883,84.327904,0.119912,0
B2,2273.9883,75.595245,0.123322,0
B2,2274.4883,77.050133,0.121844,0
B2,2274.9883,78.749649,0.119067,0
B2,2275.4883,82.978119,0.115077,0
B2,2275.9883,87.267311,0.111872,0
B2,2276.4883,89.819313,0.1095,0
B2,2276.9883,92.329605,0.109322,0
B2,2277.4883,90.198418,0.111372,0
B2,2277.9883,87.955765,0.115175,0
B2,2278.4883,82.079681,0.120721,0
B2,2278.9883,76.116341,0.123676,0
B2,2279.4883,66.0205,0.123935,0
B2,2279.9883,55.825428,0.120401,0
B2,2280.4883,73.096252,0.113048,0
B2,2280.9883,91.026611,0.110976,0
B2,2281.4883,87.738594,0.114405,0
B2,2281.9883,83.941048,0.116085,0
B2,2282.4883,84.152161,0.115842,0
B2,2282.9883,84.459534,0.114342,0
B2,2283.4883,87.355034,0.1116,0
B2,2283.9883,90.312675,0.108013,0
B2,2284.4883,95.011086,0.103591,0
B2,2284.9883,99.751289,0.107377,0
B2,2285.4883,86.929932,0.119588,0
B2,2285.9883,73.686867,0.125125,0
B2,2286.4883,75.11113,0.123626,0
B2,2286.9883,76.887604,0.121488,0
B2,2287.4883,79.672974,0.118867,0
B2,2287.9883,82.482567,0.118868,0
B2,2288.4883,79.670906,0.121565,0
B2,2288.9883,76.724266,0.122875,0
B2,2289.4883,76.875061,0.122699,0
B2,2289.9883,77.100235,0.121055,0
B2,2290.4883,80.383423,0.117945,0
B2,2290.9883,83.740051,0.115026,0
B2,2291.4883,86.614227,0.112338,0
B2,2291.9883,89.476814,0.113903,0
B2,2292.4883,83.27459,0.119816,0
B2,2292.9883,76.854683,0.118381,0
B2,2293.4883,86.338409,0.109316,0
B2,2293.9883,96.204033,0.108552,0
B2,2294.4883,87.968979,0.116472,0
B2,2294.9883,79.299278,0.120032,0
B2,2295.4883,80.369629,0.118919,0
B2,2295.9883,81.673874,0.117973,0
B2,2296.4883,82.388893,0.11731,0
B2,2296.9883,83.08976,0.116331,0
B2,2297.4883,84.47821,0.115022,0
B2,2297.9883,85.883179,0.115235,0
B2,2298.4883,84.02401,0.117013,0
B2,2298.9883,82.086464,0.116066,0
B2,2299.4883,86.047379,0.112288,0
B2,2299.9883,90.149933,0.111263,0
B2,2300.4883,88.236176,0.113124,0
B2,2300.9883,86.177948,0.117924,0
B2,2301.4883,77.989204,0.125666,0
B2,2301.9883,69.653244,0.127661,0
B2,2302.4883,73.730286,0.123702,0
B2,2302.9883,78.105408,0.11922,0
B2,2303.4883,83.295876,0.114347,0
B2,2303.9883,88.505928,0.112237,0
B2,2304.4883,87.79863,0.112967,0
B2,2304.9883,86.949234,0.115631,0
B2,2305.4883,82.113655,0.120206,0
B2,2305.9883,77.182358,0.123949,0
B2,2306.4883,74.125908,0.126791,0
B2,2306.9883,71.114471,0.123606,0
B2,2307.4883,80.925102,0.11427,0
B2,2307.9883,91.043625,0.112225,0
B2,2308.4883,85.28981,0.117794,0
B2,2308.9883,79.154854,0.122723,0
B2,2309.4883,74.769257,0.126813,0
B2,2309.9883,70.425667,0.125342,0
B2,2310.4883,66.199051,0.118198,0
B2,2310.9883,61.975246,0.114056,0
B2,2311.4883,74.476852,0.113125,0
B2,2311.9883,87.380081,0.11563,0
B2,2312.4883,81.404266,0.121573,0
B2,2312.9883,74.975105,0.125127,0
B2,2313.4883,73.817879,0.126152,0
B2,2313.9883,72.787247,0.126894,0
B2,2314.4883,72.232635,0.127409,0
B2,2314.9883,71.689468,0.124161,0
B2,2315.4883,79.164665,0.117067,0
B2,2315.9883,86.832405,0.115927,0
B2,2316.4883,81.596764,0.120978,0
B2,2316.9883,76.05127,0.120857,0
B2,2317.4883,81.855888,0.115291,0
B2,2317.9883,87.933067,0.120253,0
B2,2318.4883,78.789314,0.136126,0
B2,2318.9883,69.280052,0.140409,0
B2,2319.4883,70.009674,0.13256,0
B2,2319.9883,70.985161,0.124432,0
B2,2320.4883,79.472511,0.11631,0
B2,2320.9883,88.140259,0.113693,0
B2,2321.4883,85.059952,0.116711,0
B2,2321.9883,81.697548,0.116684,0
B2,2322.4883,85.11821,0.113402,0
B2,2322.9883,88.701752,0.113164,0
B2,2323.4883,85.626427,0.11612,0
B2,2323.9883,82.391205,0.120594,0
B2,2324.4883,76.076889,0.126545,0
B2,2324.9883,69.688629,0.126766,0
B2,2325.4883,75.605194,0.121084,0
B2,2325.9883,81.817238,0.11828,0
B2,2326.4883,81.59005,0.118566,0
B2,2326.9883,81.208237,0.118354,0
B2,2327.4883,82.042488,0.117559,0
B2,2327.9883,82.905945,0.117897,0
B2,2328.4883,81.31971,0.119411,0
B2,2328.9883,79.674652,0.120026,0
B2,2329.4883,80.005966,0.119694,0
B2,2329.9883,80.384735,0.118567,0
B2,2330.4883,82.410767,0.11665,0
B2,2330.9883,84.476357,0.113963,0
B2,2331.4883,88.146446,0.110505,0
B2,2331.9883,91.855057,0.109479,0
B2,2332.4883,90.338043,0.11096,0
B2,2332.9883,88.695549,0.114964,0
B2,2333.4883,81.789612,0.121494,0
B2,2333.9883,74.757286,0.122852,0
B2,2334.4883,78.891045,0.118853,0
B2,2334.9883,83.292931,0.11896,0
B2,2335.4883,78.66481,0.123398,0
B2,2335.9883,73.819855,0.131653,0
B2,2336.4883,68.272865,0.143711,0
B2,2336.9883,62.709023,0.146208,0
B2,2337.4883,61.968418,0.138822,0
B2,2337.9883,61.343632,0.130196,0
B2,2338.4883,72.742233,0.120538,0
B2,2338.9883,84.42955,0.118726,0
B2,2339.4883,77.994705,0.124973,0
B2,2339.9883,71.124695,0.12863,0
B2,2340.4883,70.190598,0.129439,0
B2,2340.9883,69.399048,0.129825,0
B2,2341.4883,69.366524,0.129847,0
B2,2341.9883,69.352219,0.12964,0
B2,2342.4883,69.806595,0.129209,0
B2,2342.9883,70.272232,0.128656,0
B2,2343.4883,70.98777,0.127983,0
B2,2343.9883,71.709305,0.125247,0
B2,2344.4883,76.827248,0.120402,0
B2,2344.9883,82.050758,0.118206,0
B2,2345.4883,81.513718,0.118775,0
B2,2345.9883,80.838356,0.120435,0
B2,2346.4883,77.969429,0.123148,0
B2,2346.9883,75.047836,0.122612,0
B2,2347.4883,79.113762,0.118724,0
B2,2347.9883,83.347473,0.119451,0
B2,2348.4883,77.560936,0.124986,0
B2,2348.9883,71.533783,0.128287,0
B2,2349.4883,70.514671,0.129185,0
B2,2349.9883,69.615822,0.124065,0
B2,2350.4883,81.443298,0.11284,0
B2,2350.9883,93.57637,0.111978,0
B2,2351.4883,83.283363,0.121875,0
B2,2351.9883,72.451836,0.124872,0
B2,2352.4883,76.884895,0.120547,0
B2,2352.9883,81.684502,0.128415,0
B2,2353.4883,74.925476,0.148945,0
B2,2353.9883,67.888893,0.150378,0
B2,2354.4883,72.578041,0.131953,0
B2,2354.9883,77.548767,0.122577,0
B2,2355.4883,77.042931,0.122946,0
B2,2355.9883,76.405579,0.120292,0
B2,2356.4883,82.708611,0.114308,0
B2,2356.9883,89.178291,0.112407,0
B2,2357.4883,86.76506,0.114769,0
B2,2357.9883,84.138512,0.113199,0
B2,2358.4883,90.116028,0.107501,0
B2,2358.9883,96.300156,0.108027,0
B2,2359.4883,88.994278,0.115024,0
B2,2359.9883,81.364456,0.117216,0
B2,2360.4883,84.315399,0.114332,0
B2,2360.9883,87.520424,0.113576,0
B2,2361.4883,85.927818,0.115122,0
B2,2361.9883,84.220001,0.114208,0
B2,2362.4883,87.879059,0.11072,0
B2,2362.9883,91.666992,0.108114,0
B2,2363.4883,93.441765,0.106473,0
B2,2363.9883,95.16819,0.109577,0
B2,2364.4883,86.815697,0.117517,0
B2,2364.9883,78.221176,0.120483,0
B2,2365.4883,80.484016,0.118241,0
B2,2365.9883,83.007568,0.12135,0
B2,2366.4883,72.882416,0.130064,0
B2,2366.9883,62.453537,0.135571,0
B2,2367.4883,65.417244,0.137659,0
B2,2367.9883,68.702545,0.133136,0
B2,2368.4883,76.29306,0.121924,0
B2,2368.9883,83.986961,0.115643,0
B2,2369.4883,85.15535,0.114572,0
B2,2369.9883,86.167046,0.117817,0
B2,2370.4883,78.229187,0.125356,0
B2,2370.9883,70.076416,0.125417,0
B2,2371.4883,78.098175,0.117719,0
B2,2371.9883,86.508339,0.113863,0
B2,2372.4883,86.330032,0.114126,0
B2,2372.9883,85.945496,0.116541,0
B2,2373.4883,81.174171,0.121061,0
B2,2373.9883,76.297501,0.123915,0
B2,2374.4883,75.08342,0.125011,0
B2,2374.9883,73.957283,0.118024,0
B2,2375.4883,89.996597,0.102803,0
B2,2375.9883,106.4481,0.098866,0
B2,2376.4883,85.570663,0.106683,0
B2,2376.9883,63.796841,0.1137,0
B2,2377.4883,69.975822,0.119617,0
B2,2377.9883,76.826035,0.121901,0
B2,2378.4883,78.545776,0.120491,0
B2,2378.9883,80.142326,0.120134,0
B2,2379.4883,79.307312,0.120944,0
B2,2379.9883,78.41391,0.121146,0
B2,2380.4883,78.876549,0.120697,0
B2,2380.9883,79.371742,0.120253,0
B2,2381.4883,79.825584,0.119828,0
B2,2381.9883,80.278435,0.11948,0
B2,2382.4883,80.568863,0.11921,0
B2,2382.9883,80.855392,0.117097,0
B2,2383.4883,85.076157,0.113098,0
B2,2383.9883,89.39138,0.119139,0
B2,2384.4883,79.522865,0.135506,0
B2,2384.9883,69.313744,0.135042,0
B2,2385.4883,80.866051,0.117095,0
B2,2385.9883,92.940918,0.105203,0
B2,2386.4883,98.557793,0.09993,0
B2,2386.9883,104.01959,0.103541,0
B2,2387.4883,90.849846,0.116091,0
B2,2387.9883,77.232704,0.123306,0
B2,2388.4883,75.448692,0.124844,0
B2,2388.9883,73.94883,0.123057,0
B2,2389.4883,79.262375,0.118001,0
B2,2389.9883,84.739525,0.122841,0
B2,2390.4883,71.951042,0.137893,0
B2,2390.9883,58.723946,0.132563,0
B2,2391.4883,83.473259,0.106118,0
B2,2391.9883,109.1345,0.099224,0
B2,2392.4883,95.023437,0.112858,0
B2,2392.9883,79.957321,0.121051,0
B2,2393.4883,72.210937,0.123179,0
B2,2393.9883,64.640327,0.122795,0
B2,2394.4883,72.774361,0.119985,0
B2,2394.9883,81.285515,0.118174,0
B2,2395.4883,82.220154,0.117443,0
B2,2395.9883,82.972862,0.117949,0
B2,2396.4883,81.141823,0.119693,0
B2,2396.9883,79.248741,0.117706,0
B2,2397.4883,85.385262,0.111866,0
B2,2397.9883,91.714607,0.112316,0
B2,2398.4883,84.423431,0.119301,0
B2,2398.9883,76.805183,0.120114,0
B2,2399.4883,82.688438,0.114449,0
B2,2399.9883,88.895905,0.11126,0
B2,2400.4883,89.497185,0.110759,0
B2,2400.9883,89.963837,0.11039,0
B2,2401.4883,90.284042,0.110092,0
B2,2401.9883,90.600739,0.112441,0
B2,2402.4883,85.271622,0.117497,0
B2,2402.9883,79.806931,0.112969,0
B2,2403.4883,73.213074,0.09856,0
B2,2403.9883,66.592094,0.098301,0
B2,2404.4883,72.724579,0.112766,0
B2,2404.9883,79.163315,0.118353,0
B2,2405.4883,71.6306,0.114493,0
B2,2405.9883,63.762386,0.114885,0
B2,2406.4883,70.220261,0.119858,0
B2,2406.9883,77.022141,0.11937,0
B2,2407.4883,83.772827,0.113179,0
B2,2407.9883,90.522278,0.110365,0
B2,2408.4883,89.780266,0.111145,0
B2,2408.9883,88.85836,0.112161,0
B2,2409.4883,87.612694,0.113331,0
B2,2409.9883,86.359261,0.113907,0
B2,2410.4883,86.383858,0.113869,0
B2,2410.9883,86.439148,0.111524,0
B2,2411.4883,91.389496,0.106831,0
B2,2411.9883,96.45739,0.110277,0
B2,2412.4883,84.032593,0.122116,0
B2,2412.9883,71.187744,0.127141,0
B2,2413.4883,73.305359,0.124989,0
B2,2413.9883,75.782272,0.126924,0
B2,2414.4883,70.077415,0.133217,0
B2,2414.9883,64.176102,0.129826,0
B2,2415.4883,77.360748,0.116412,0
B2,2415.9883,91.003708,0.108495,0
B2,2416.4883,93.312241,0.10645,0
B2,2416.9883,95.348587,0.106801,0
B2,2417.4883,92.561005,0.109467,0
B2,2417.9883,89.657578,0.10905,0
B2,2418.4883,93.451591,0.10542,0
B2,2418.9883,97.406433,0.114196,0
B2,2419.4883,81.491714,0.135754,0
B2,2419.9883,65.099869,0.139462,0
B2,2420.4883,73.902397,0.124584,0
B2,2420.9883,83.309921,0.118611,0
B2,2421.4883,79.554565,0.122202,0
B2,2421.9883,75.483131,0.134272,0
B2,2422.4883,68.578323,0.154798,0
B2,2422.9883,61.605484,0.156197,0
B2,2423.4883,66.302452,0.137807,0
B2,2423.9883,71.279655,0.128584,0
B2,2424.4883,70.489136,0.129224,0
B2,2424.9883,69.560104,0.125406,0
B2,2425.4883,78.638901,0.116786,0
B2,2425.9883,87.958015,0.113417,0
B2,2426.4883,85.82991,0.11554,0
B2,2426.9883,83.426918,0.115263,0
B2,2427.4883,86.421455,0.112397,0
B2,2427.9883,89.545609,0.112719,0
B2,2428.4883,85.734398,0.116368,0
B2,2428.9883,81.756638,0.117553,0
B2,2429.4883,83.204712,0.116135,0
B2,2429.9883,84.783073,0.118263,0
B2,2430.4883,77.051025,0.124088,0
B2,2430.9883,69.095413,0.12268,0
B2,2431.4883,79.978271,0.113779,0
B2,2431.9883,91.313507,0.112528,0
B2,2432.4883,84.333267,0.119293,0
B2,2432.9883,76.913223,0.123675,0
B2,2433.4883,74.978462,0.125426,0
B2,2433.9883,73.175415,0.123604,0
B2,2434.4883,78.866135,0.118188,0
B2,2434.9883,84.736809,0.116891,0
B2,2435.4883,81.637108,0.119896,0
B2,2435.9883,78.322006,0.122453,0
B2,2436.4883,76.180603,0.124446,0
B2,2436.9883,74.067383,0.121088,0
B2,2437.4883,83.348717,0.112263,0
B2,2437.9883,92.903671,0.111579,0
B2,2438.4883,84.808868,0.119362,0
B2,2438.9883,76.290237,0.118773,0
B2,2439.4883,86.066902,0.109406,0
B2,2439.9883,96.282898,0.105655,0
B2,2440.4883,94.07341,0.107865,0
B2,2440.9883,91.565552,0.109806,0
B2,2441.4883,89.931992,0.111326,0
B2,2441.9883,88.31942,0.116354,0
B2,2442.4883,79.201569,0.124981,0
B2,2442.9883,69.903488,0.127421,0
B2,2443.4883,73.994278,0.123437,0
B2,2443.9883,78.40657,0.121447,0
B2,2444.4883,78.243111,0.121651,0
B2,2444.9883,77.969765,0.121828,0
B2,2445.4883,77.865814,0.121923,0
B2,2445.9883,77.76593,0.120006,0
B2,2446.4883,81.957489,0.11603,0
B2,2446.9883,86.252106,0.113526,0
B2,2447.4883,87.302925,0.112578,0
B2,2447.9883,88.275856,0.113071,0
B2,2448.4883,86.249619,0.115004,0
B2,2448.9883,84.15136,0.121418,0
B2,2449.4883,74.529335,0.132385,0
B2,2449.9883,64.726639,0.132467,0
B2,2450.4883,74.448929,0.121293,0
B2,2450.9883,84.640068,0.117118,0
B2,2451.4883,81.296463,0.120381,0
B2,2451.9883,77.627846,0.12207,0
B2,2452.4883,77.691116,0.121968,0
B2,2452.9883,77.843994,0.123549,0
B2,2453.4883,74.316429,0.126896,0
B2,2453.9883,70.700485,0.127523,0
B2,2454.4883,72.976845,0.125324,0
B2,2454.9883,75.394691,0.123425,0
B2,2455.4883,77.030998,0.121901,0
B2,2455.9883,78.648537,0.125533,0
B2,2456.4883,72.668434,0.134436,0
B2,2456.9883,66.50589,0.136357,0
B2,2457.4883,68.729118,0.131004,0
B2,2457.9883,71.153717,0.125035,0
B2,2458.4883,77.917061,0.118611,0
B2,2458.9883,84.784599,0.116984,0
B2,2459.4883,81.391174,0.120278,0
B2,2459.9883,77.75135,0.116103,0
B2,2460.4883,70.697441,0.104161,0
B2,2460.9883,63.561554,0.101297,0
B2,2461.4883,64.557289,0.107916,0
B2,2461.9883,65.748283,0.115052,0
B2,2462.4883,69.327217,0.122492,0
B2,2462.9883,72.963486,0.123138,0
B2,2463.4883,79.803978,0.11682,0
B2,2463.9883,86.721413,0.115961,0
B2,2464.4883,81.637238,0.120859,0
B2,2464.9883,76.26487,0.12421,0
B2,2465.4883,74.484879,0.125838,0
B2,2465.9883,72.791153,0.12552,0
B2,2466.4883,75.162415,0.123253,0
B2,2466.9883,77.631294,0.121403,0
B2,2467.4883,79.110527,0.120028,0
B2,2467.9883,80.565994,0.116677,0
B2,2468.4883,86.261932,0.111293,0
B2,2468.9883,92.0597,0.115865,0
B2,2469.4883,77.97332,0.130681,0
B2,2469.9883,63.409466,0.130413,0
B2,2470.4883,78.616722,0.114452,0
B2,2470.9883,94.538879,0.108389,0
B2,2471.4883,90.017883,0.112838,0
B2,2471.9883,85.005981,0.12497,0
B2,2472.4883,70.871994,0.144717,0
B2,2472.9883,56.518959,0.145933,0
B2,2473.4883,68.599396,0.127992,0
B2,2473.9883,81.314583,0.119668,0
B2,2474.4883,79.291359,0.121654,0
B2,2474.9883,76.914223,0.118267,0
B2,2475.4883,72.403191,0.109131,0
B2,2475.9883,67.840927,0.108633,0
B2,2476.4883,72.788887,0.117118,0
B2,2476.9883,77.965225,0.121236,0
B2,2477.4883,78.793968,0.120667,0
B2,2477.9883,79.518311,0.117088,0
B2,2478.4883,86.434662,0.110537,0
B2,2478.9883,93.49971,0.112015,0
B2,2479.4883,83.280022,0.121785,0
B2,2479.9883,72.645279,0.121962,0
B2,2480.4883,82.903549,0.112115,0
B2,2480.9883,93.663528,0.108142,0
B2,2481.4883,91.385643,0.110423,0
B2,2481.9883,88.794678,0.115189,0
B2,2482.4883,81.21138,0.12235,0
B2,2482.9883,73.508209,0.127699,0
B2,2483.4883,67.963478,0.131135,0
B2,2483.9883,62.470585,0.12904,0
B2,2484.4883,72.347496,0.121327,0
B2,2484.9883,82.593483,0.115217,0
B2,2485.4883,87.309143,0.110881,0
B2,2485.9883,91.892014,0.111254,0
B2,2486.4883,86.51162,0.116408,0
B2,2486.9883,80.891975,0.117454,0
B2,2487.4883,84.278778,0.114179,0
B2,2487.9883,87.881851,0.115961,0
B2,2488.4883,80.474739,0.123025,0
B2,2488.9883,72.803238,0.12927,0
B2,2489.4883,68.315964,0.13455,0
B2,2489.9883,63.905155,0.135732,0
B2,2490.4883,66.420609,0.132741,0
B2,2490.9883,69.102386,0.128879,0
B2,2491.4883,73.46489,0.124225,0
B2,2491.9883,77.867752,0.12168,0
B2,2492.4883,78.297722,0.121315,0
B2,2492.9883,78.632286,0.120635,0
B2,2493.4883,79.749008,0.11958,0
B2,2493.9883,80.884521,0.11897,0
B2,2494.4883,81.051369,0.118825,0
B2,2494.9883,81.194962,0.121114,0
B2,2495.4883,76.164398,0.125885,0
B2,2495.9883,71.009583,0.117491,0
B2,2496.4883,69.52002,0.095554,0
B2,2496.9883,68.118469,0.090809,0
B2,2497.4883,78.467873,0.103995,0
B2,2497.9883,89.099449,0.113999,0
B2,2498.4883,82.856979,0.120314,0
B2,2498.9883,76.209312,0.1213,0
B2,2499.4883,80.751282,0.116918,0
B2,2499.9883,85.561958,0.122599,0
B2,2500.4883,75.034622,0.138712,0
B2,2500.9883,64.138985,0.137633,0
B2,2501.4883,77.647316,0.118697,0
B2,2501.9883,91.741669,0.110215,0
B2,2502.4883,89.035004,0.112868,0
B2,2502.9883,85.924889,0.116102,0
B2,2503.4883,82.132759,0.119662,0
B2,2503.9883,78.324249,0.11978,0
B2,2504.4883,81.881081,0.116365,0
B2,2504.9883,85.614784,0.116767,0
B2,2505.4883,81.024529,0.121161,0
B2,2505.9883,76.234383,0.12353,0
B2,2506.4883,75.968452,0.123728,0
B2,2506.9883,75.811157,0.120226,0
B2,2507.4883,83.443626,0.112987,0
B2,2507.9883,91.263145,0.114154,0
B2,2508.4883,80.951447,0.12402,0
B2,2508.9883,70.204361,0.124071,0
B2,2509.4883,80.843063,0.113862,0
B2,2509.9883,91.995316,0.112306,0
B2,2510.4883,84.164886,0.119856,0
B2,2510.9883,75.878624,0.121721,0
B2,2511.4883,80.184708,0.117544,0
B2,2511.9883,84.793175,0.117552,0
B2,2512.4883,80.168564,0.12199,0
B2,2512.9883,75.322243,0.121927,0
B2,2513.4883,80.30262,0.11715,0
B2,2513.9883,85.518967,0.11311,0
B2,2514.4883,88.925964,0.109938,0
B2,2514.9883,92.289513,0.109584,0
B2,2515.4883,89.681953,0.112094,0
B2,2515.9883,86.931015,0.112972,0
B2,2516.4883,87.808105,0.112109,0
B2,2516.9883,88.772316,0.116065,0
B2,2517.4883,79.36364,0.124998,0
B2,2517.9883,69.705879,0.126029,0
B2,2518.4883,77.163055,0.118849,0
B2,2518.9883,85.031204,0.117721,0
B2,2519.4883,79.570152,0.122988,0
B2,2519.9883,73.789024,0.124523,0
B2,2520.4883,76.29335,0.122083,0
B2,2520.9883,78.996635,0.114998,0
B2,2521.4883,91.415306,0.103253,0
B2,2521.9883,104.06728,0.099169,0
B2,2522.4883,100.13363,0.103042,0
B2,2522.9883,95.80172,0.108701,0
B2,2523.4883,88.052582,0.116,0
B2,2523.9883,80.221382,0.118282,0
B2,2524.4883,83.182266,0.115387,0
B2,2524.9883,86.402306,0.115963,0
B2,2525.4883,81.951302,0.12022,0
B2,2525.9883,77.316093,0.120153,0
B2,2526.4883,82.093597,0.115571,0
B2,2526.9883,87.097137,0.114746,0
B2,2527.4883,83.855461,0.117875,0
B2,2527.9883,80.415787,0.116784,0
B2,2528.4883,86.185036,0.111275,0
B2,2528.9883,92.175415,0.109807,0
B2,2529.4883,89.319489,0.112583,0
B2,2529.9883,86.251144,0.112113,0
B2,2530.4883,90.32148,0.108219,0
B2,2530.9883,94.56324,0.107712,0
B2,2531.4883,91.401993,0.110758,0
B2,2531.9883,88.062965,0.11258,0
B2,2532.4883,87.51329,0.113063,0
B2,2532.9883,87.030602,0.112606,0
B2,2533.4883,88.490128,0.111216,0
B2,2533.9883,89.9963,0.114599,0
B2,2534.4883,81.26976,0.122891,0
B2,2534.9883,72.297501,0.126532,0
B2,2535.4883,73.496429,0.125294,0
B2,2535.9883,74.939598,0.121625,0
B2,2536.4883,81.329475,0.115582,0
B2,2536.9883,87.838135,0.113573,0
B2,2537.4883,85.616386,0.115754,0
B2,2537.9883,83.184998,0.117191,0
B2,2538.4883,82.549416,0.117766,0
B2,2538.9883,81.956963,0.118297,0
B2,2539.4883,81.414742,0.118805,0
B2,2539.9883,80.873734,0.117961,0
B2,2540.4883,83.214806,0.115735,0
B2,2540.9883,85.625092,0.115694,0
B2,2541.4883,83.301407,0.117924,0
B2,2541.9883,80.864044,0.121349,0
B2,2542.4883,75.992897,0.125941,0
B2,2542.9883,71.063301,0.126811,0
B2,2543.4883,74.133209,0.123845,0
B2,2543.9883,77.395218,0.119665,0
B2,2544.4883,83.057106,0.114333,0
B2,2544.9883,88.776619,0.110515,0
B2,2545.4883,91.204773,0.108278,0
B2,2545.9883,93.553894,0.106805,0
B2,2546.4883,94.348709,0.106078,0
B2,2546.9883,95.106209,0.109072,0
B2,2547.4883,87.956612,0.11586,0
B2,2547.9883,80.617142,0.114479,0
B2,2548.4883,90.903488,0.104643,0
B2,2548.9883,101.61309,0.10394,0
B2,2549.4883,92.404327,0.112792,0
B2,2549.9883,82.717278,0.119312,0
B2,2550.4883,78.48793,0.123213,0
B2,2550.9883,74.389648,0.126302,0
B2,2551.4883,71.896049,0.12862,0
B2,2551.9883,69.440979,0.1294,0
B2,2552.4883,70.230934,0.128624,0
B2,2552.9883,71.098808,0.137477,0
B2,2553.4883,65.151573,0.156229,0
B2,2553.9883,59.040684,0.151271,0
B2,2554.4883,76.398354,0.121796,0
B2,2554.9883,94.319572,0.11115,0
B2,2555.4883,84.639626,0.120375,0
B2,2555.9883,74.296898,0.120609,0
B2,2556.4883,84.138397,0.111162,0
B2,2556.9883,94.464577,0.108484,0
B2,2557.4883,89.854797,0.112971,0
B2,2557.9883,84.886353,0.117215,0
B2,2558.4883,80.794174,0.12104,0
B2,2558.9883,76.723038,0.12313,0
B2,2559.4883,71.384491,0.123453,0
B2,2559.9883,66.015511,0.123273,0
B2,2560.4883,71.529854,0.122622,0
B2,2560.9883,77.305534,0.120926,0
B2,2561.4883,80.3358,0.118173,0
B2,2561.9883,83.300148,0.121177,0
B2,2562.4883,73.152359,0.130101,0
B2,2562.9883,62.689716,0.132365,0
B2,2563.4883,68.283119,0.127666,0
B2,2563.9883,74.262077,0.125768,0
B2,2564.4883,73.144722,0.126904,0
B2,2564.9883,71.856956,0.126355,0
B2,2565.4883,74.315979,0.124008,0
B2,2565.9883,76.864967,0.120936,0
B2,2566.4883,80.8741,0.117163,0
B2,2566.9883,84.918297,0.114109,0
B2,2567.4883,87.393166,0.111808,0
B2,2567.9883,89.83036,0.113495,0
B2,2568.4883,83.791374,0.119249,0
B2,2568.9883,77.548843,0.123581,0
B2,2569.4883,74.543755,0.126361,0
B2,2569.9883,71.616409,0.127262,0
B2,2570.4883,72.620277,0.126276,0
B2,2570.9883,73.718544,0.119012,0
B2,2571.4883,88.128235,0.105361,0
B2,2571.9883,102.85757,0.102702,0
B2,2572.4883,93.802544,0.111454,0
B2,2572.9883,84.176376,0.11727,0
B2,2573.4883,81.387939,0.119805,0
B2,2573.9883,78.763702,0.119226,0
B2,2574.4883,82.623802,0.115537,0
B2,2574.9883,86.639618,0.116535,0
B2,2575.4883,80.493141,0.122409,0
B2,2575.9883,74.102638,0.125131,0
B2,2576.4883,69.972504,0.124509,0
B2,2576.9883,65.896652,0.124099,0
B2,2577.4883,70.62326,0.123984,0
B2,2577.9883,75.561241,0.122664,0
B2,2578.4883,78.375847,0.120104,0
B2,2578.9883,81.139458,0.118474,0
B2,2579.4883,81.855713,0.117826,0
B2,2579.9883,82.522804,0.119319,0
B2,2580.4883,78.667686,0.122982,0
B2,2580.9883,74.703987,0.126032,0
B2,2581.4883,72.156319,0.128404,0
B2,2581.9883,69.642647,0.124735,0
B2,2582.4883,79.987206,0.114898,0
B2,2582.9883,90.640518,0.112793,0
B2,2583.4883,84.478615,0.118756,0
B2,2583.9883,77.912926,0.120828,0
B2,2584.4883,80.056305,0.118722,0
B2,2584.9883,82.408813,0.119272,0
B2,2585.4883,78.88324,0.122641,0
B2,2585.9883,75.216507,0.120976,0
B2,2586.4883,82.436066,0.114089,0
B2,2586.9883,89.91703,0.112512,0
B2,2587.4883,85.803764,0.116497,0
B2,2587.9883,81.412079,0.116812,0
B2,2588.4883,85.131546,0.113235,0
B2,2588.9883,89.045776,0.110067,0
B2,2589.4883,91.892632,0.107411,0
B2,2589.9883,94.713852,0.106637,0
B2,2590.4883,93.546951,0.107775,0
B2,2590.9883,92.284294,0.11137,0
B2,2591.4883,85.872299,0.117436,0
B2,2591.9883,79.336647,0.12069,0
B2,2592.4883,78.925652,0.121007,0
B2,2592.9883,78.66172,0.120696,0
B2,2593.4883,72.290421,0.119813,0
B2,2593.9883,65.772469,0.118746,0
B2,2594.4883,74.218208,0.117503,0
B2,2594.9883,83.02327,0.117662,0
B2,2595.4883,81.528664,0.11926,0
B2,2595.9883,79.78672,0.117156,0
B2,2596.4883,86.022461,0.111223,0
B2,2596.9883,92.449776,0.110436,0
B2,2597.4883,87.701004,0.115012,0
B2,2597.9883,82.683861,0.118497,0
B2,2598.4883,80.262238,0.120736,0
B2,2598.9883,77.902939,0.122579,0
B2,2599.4883,76.327538,0.124047,0
B2,2599.9883,74.770966,0.120566,0
B2,2600.4883,83.757317,0.112028,0
B2,2600.9883,92.996834,0.112272,0
B2,2601.4883,83.235733,0.121632,0
B2,2601.9883,73.018372,0.123185,0
B2,2602.4883,79.921143,0.116525,0
B2,2602.9883,87.235031,0.111413,0
B2,2603.4883,90.831238,0.108085,0
B2,2603.9883,94.338165,0.108559,0
B2,2604.4883,89.82122,0.112882,0
B2,2604.9883,85.111603,0.11576,0
B2,2605.4883,83.676956,0.117067,0
B2,2605.9883,82.320961,0.116219,0
B2,2606.4883,75.230438,0.113203,0
B2,2606.9883,68.00222,0.111115,0
B2,2607.4883,79.193451,0.110031,0
B2,2607.9883,90.826996,0.111091,0
B2,2608.4883,87.67942,0.114322,0
B2,2608.9883,84.176903,0.119018,0
B2,2609.4883,77.657066,0.12516,0
B2,2609.9883,71.064766,0.126869,0
B2,2610.4883,74.008842,0.124004,0
B2,2610.9883,77.181908,0.122681,0
B2,2611.4883,76.83168,0.123049,0
B2,2611.9883,76.396851,0.123107,0
B2,2612.4883,76.707481,0.122807,0
B2,2612.9883,77.036003,0.124005,0
B2,2613.4883,67.521416,0.126747,0
B2,2613.9883,57.77047,0.134602,0
B2,2614.4883,62.039433,0.147654,0
B2,2614.9883,66.645058,0.144383,0
B2,2615.4883,76.526337,0.124269,0
B2,2615.9883,86.534302,0.124625,0
B2,2616.4883,77.943329,0.146345,0
B2,2616.9883,68.905731,0.144466,0
B2,2617.4883,82.643044,0.117907,0
B2,2617.9883,96.927238,0.107305,0
B2,2618.4883,90.250633,0.113636,0
B2,2618.9883,83.070694,0.118155,0
B2,2619.4883,80.604904,0.120412,0
B2,2619.9883,78.252319,0.118845,0
B2,2620.4883,83.950592,0.113415,0
B2,2620.9883,89.842186,0.110728,0
B2,2621.4883,89.686096,0.110942,0
B2,2621.9883,89.384773,0.115325,0
B2,2622.4883,80.330025,0.123908,0
B2,2622.9883,71.065079,0.136181,0
B2,2623.4883,68.645866,0.152132,0
B2,2623.9883,66.391045,0.149192,0
B2,2624.4883,75.620049,0.126817,0
B2,2624.9883,85.124825,0.114501,0
B2,2625.4883,86.698158,0.112952,0
B2,2625.9883,88.081039,0.116152,0
B4,1498.1063,,0.209646,
B4,1498.6063,88.703423,0.204157,
B4,1499.1063,91.296242,0.205084,
B4,1499.6063,88.771187,0.2086,
B4,1500.1063,85.84227,0.210237,
B4,1500.6063,84.410728,0.211118,
B4,1501.1063,81.691689,0.215021,
B4,1501.6063,76.561996,0.220144,
B4,1502.1063,77.227631,0.21385,
B4,1502.6063,86.998222,0.202953,
B4,1503.1063,95.320175,0.199209,
B4,1503.6063,97.93708,0.198349,
B4,1504.1063,97.392693,0.200166,
B4,1504.6063,94.712975,0.203063,1
B4,1505.1063,90.775429,0.207094,1
B4,1505.6063,85.933968,0.211581,1
B4,1506.1063,84.302757,0.209964,1
B4,1506.6063,87.5411,0.205884,1
B4,1507.1063,88.646149,0.20802,1
B4,1507.6063,84.793549,0.212663,1
B4,1508.1063,85.957245,0.205972,1
B4,1508.6063,96.159859,0.194711,1
B4,1509.1063,101.85,0.195961,1
B4,1509.6063,97.562172,0.202256,1
B4,1510.1063,89.419762,0.210287,1
B4,1510.6063,79.892426,0.219019,1
B4,1511.1063,78.698097,0.212388,1
B4,1511.6063,89.756157,0.199562,1
B4,1512.1063,96.411385,0.200679,1
B4,1512.6063,91.94648,0.207418,1
B4,1513.1063,87.692909,0.208162,1
B4,1513.6063,88.22084,0.206489,1
B4,1514.1063,89.667664,0.205617,1
B4,1514.6063,90.47554,0.205068,1
B4,1515.1063,90.235497,0.206039,1
B4,1515.6063,88.782578,0.207624,1
B4,1516.1063,86.362625,0.210297,1
B4,1516.6063,83.074783,0.213409,1
B4,1517.1063,80.213547,0.215331,1
B4,1517.6063,78.300987,0.216774,1
B4,1518.1063,79.48716,0.213245,1
B4,1518.6063,84.639198,0.20771,1
B4,1519.1063,86.208473,0.210484,1
B4,1519.6063,81.150513,0.216609,1
B4,1520.1063,77.984695,0.216053,1
B4,1520.6063,80.147026,0.212804,1
B4,1521.1063,82.045708,0.212713,1
B4,1521.6063,81.425491,0.213895,1
B4,1522.1063,80.827705,0.213764,1
B4,1522.6063,81.277328,0.213104,1
B4,1523.1063,83.26561,0.210266,1
B4,1523.6063,86.990669,0.20655,1
B4,1524.1063,88.075233,0.208358,1
B4,1524.6063,84.753845,0.212394,1
B4,1525.1063,80.947685,0.215055,1
B4,1525.6063,78.238235,0.217161,1
B4,1526.1063,82.435036,0.207671,1
B4,1526.6063,95.881157,0.193504,1
B4,1527.1063,102.72421,0.195631,1
B4,1527.6063,96.570641,0.20433,1
B4,1528.1063,89.93998,0.207297,1
B4,1528.6063,87.881554,0.207952,1
B4,1529.1063,85.082199,0.212222,1
B4,1529.6063,79.399048,0.217951,1
B4,1530.1063,76.443123,0.217423,1
B4,1530.6063,78.47744,0.214372,1
B4,1531.1063,82.273865,0.210744,1
B4,1531.6063,86.530441,0.206883,1
B4,1532.1063,85.997383,0.211682,1
B4,1532.6063,78.55735,0.219973,1
B4,1533.1063,77.515083,0.213516,1
B4,1533.6063,88.236603,0.20111,1
B4,1534.1063,95.652245,0.200468,1
B4,1534.6063,93.684174,0.204572,1
B4,1535.1063,89.781731,0.207334,1
B4,1535.6063,86.94931,0.209556,1
B4,1536.1063,84.677032,0.211332,1
B4,1536.6063,82.759232,0.21293,1
B4,1537.1063,79.283836,0.217447,1
B4,1537.6063,73.479675,0.223141,1
B4,1538.1063,70.752731,0.222244,1
B4,1538.6063,73.28331,0.218689,1
B4,1539.1063,75.117661,0.219017,1
B4,1539.6063,73.854568,0.220912,1
B4,1540.1063,71.993347,0.222292,1
B4,1540.6063,70.542015,0.223465,1
B4,1541.1063,71.782982,0.220108,1
B4,1541.6063,76.63678,0.214925,1
B4,1542.1063,80.979195,0.212468,1
B4,1542.6063,83.146873,0.211111,1
B4,1543.1063,83.518883,0.211814,1
B4,1543.6063,82.2481,0.213347,1
B4,1544.1063,84.108849,0.20854,1
B4,1544.6063,91.026672,0.201176,1
B4,1545.1063,93.690331,0.203853,1
B4,1545.6063,88.344475,0.210581,1
B4,1546.1063,87.365822,0.205575,1
B4,1546.6063,95.746101,0.195837,1
B4,1547.1063,101.24498,0.195901,1
B4,1547.6063,98.925743,0.199918,1
B4,1548.1063,95.565147,0.201813,1
B4,1548.6063,93.896378,0.202853,1
B4,1549.1063,92.608139,0.204079,1
B4,1549.6063,91.171555,0.205381,1
B4,1550.1063,89.948273,0.206232,1
B4,1550.6063,89.084106,0.206902,1
B4,1551.1063,88.197182,0.207793,1
B4,1551.6063,87.133469,0.208773,1
B4,1552.1063,85.028267,0.211497,1
B4,1552.6063,81.532822,0.214923,1
B4,1553.1063,82.44017,0.2099,1
B4,1553.6063,90.086723,0.201469,1
B4,1554.1063,92.598465,0.20548,2
B4,1554.6063,85.186424,0.21451,2
B4,1555.1063,75.750084,0.22305,2
B4,1555.6063,67.475433,0.231392,2
B4,1556.1063,66.608612,0.225355,2
B4,1556.6063,75.668785,0.213518,2
B4,1557.1063,84.993362,0.207203,2
B4,1557.6063,90.685272,0.203114,2
B4,1558.1063,93.571106,0.202125,2
B4,1558.6063,93.984222,0.202387,2
B4,1559.1063,92.086121,0.205465,2
B4,1559.6063,87.941933,0.209678,2
B4,1560.1063,87.571732,0.206116,1
B4,1560.6063,93.403503,0.199418,1
B4,1561.1063,93.54615,0.205865,1
B4,1561.6063,83.203804,0.217614,1
B4,1562.1063,76.844383,0.217054,1
B4,1562.6063,80.30304,0.211529,1
B4,1563.1063,85.987839,0.207052,1
B4,1563.6063,90.836823,0.202997,1
B4,1564.1063,92.444633,0.204223,1
B4,1564.6063,89.841125,0.207578,1
B4,1565.1063,92.055321,0.200327,1
B4,1565.6063,102.72874,0.188799,1
B4,1566.1063,107.10065,0.192636,1
B4,1566.6063,99.217819,0.202668,1
B4,1567.1063,91.046761,0.207012,1
B4,1567.6063,87.413734,0.20906,1
B4,1568.1063,86.696442,0.208274,1
B4,1568.6063,88.240585,0.206344,1
B4,1569.1063,89.292458,0.206423,1
B4,1569.6063,88.741425,0.207313,1
B4,1570.1063,88.570953,0.206723,1
B4,1570.6063,89.581032,0.205536,1
B4,1571.1063,91.309204,0.203682,1
B4,1571.6063,93.568954,0.20156,1
B4,1572.1063,91.753365,0.206877,1
B4,1572.6063,84.004395,0.215194,1
B4,1573.1063,77.277145,0.218713,1
B4,1573.6063,74.376755,0.220297,1
B4,1574.1063,75.837769,0.216142,1
B4,1574.6063,81.875793,0.209673,1
B4,1575.1063,88.764977,0.204021,1
B4,1575.6063,95.002625,0.198699,1
B4,1576.1063,94.679596,0.20459,1
B4,1576.6063,85.412643,0.215003,1
B4,1577.1063,77.888237,0.217828,1
B4,1577.6063,76.416412,0.217593,1
B4,1578.1063,78.474213,0.214208,1
B4,1578.6063,83.04406,0.209553,1
B4,1579.1063,84.409042,0.211806,1
B4,1579.6063,80.263451,0.216846,1
B4,1580.1063,78.903397,0.214199,1
B4,1580.6063,83.67482,0.208451,1
B4,1581.1063,87.817078,0.206911,1
B4,1581.6063,88.603485,0.207068,1
B4,1582.1063,89.341248,0.205613,1
B4,1582.6063,91.364204,0.203509,1
B4,1583.1063,92.945641,0.202831,1
B4,1583.6063,93.389122,0.202728,1
B4,1584.1063,90.400475,0.208089,0
B4,1584.6063,83.054398,0.215653,0
B4,1585.1063,80.912277,0.211858,0
B4,1585.6063,87.830391,0.203481,0
B4,1586.1063,91.35424,0.205658,0
B4,1586.6063,86.460724,0.212091,0
B4,1587.1063,85.563622,0.207236,0
B4,1587.6063,93.669601,0.197829,0
B4,1588.1063,98.982742,0.197888,0
B4,1588.6063,96.745567,0.201766,0
B4,1589.1063,95.835854,0.199489,0
B4,1589.6063,99.834137,0.194731,0
B4,1590.1063,102.53854,0.19473,0
B4,1590.6063,101.44775,0.196649,0
B4,1591.1063,96.401611,0.203609,0
B4,1591.6063,87.335556,0.212601,0
B4,1592.1063,84.010628,0.209459,0
B4,1592.6063,90.363609,0.201423,0
B4,1593.1063,96.464127,0.198726,0
B4,1593.6063,98.307114,0.198181,0
B4,1594.1063,96.796593,0.201383,0
B4,1594.6063,92.297157,0.206097,0
B4,1595.1063,93.674889,0.198959,0
B4,1595.6063,104.50559,0.187041,0
B4,1596.1063,111.54493,0.186574,0
B4,1596.6063,109.45124,0.190725,0
B4,1597.1063,101.04662,0.201361,0
B4,1597.6063,87.469254,0.214613,0
B4,1598.1063,78.957542,0.216337,0
B4,1598.6063,79.6408,0.213411,0
B4,1599.1063,79.652222,0.216317,0
B4,1599.6063,75.012383,0.221575,0
B4,1600.1063,70.614288,0.224055,0
B4,1600.6063,68.431335,0.225415,0
B4,1601.1063,69.741943,0.221749,0
B4,1601.6063,75.061707,0.216055,0
B4,1602.1063,80.550247,0.212092,0
B4,1602.6063,84.658684,0.208827,0
B4,1603.1063,84.285759,0.212749,0
B4,1603.6063,78.18071,0.219569,0
B4,1604.1063,72.272224,0.223144,0
B4,1604.6063,68.951439,0.225411,0
B4,1605.1063,68.205383,0.224457,0
B4,1605.6063,70.028839,0.222203,0
B4,1606.1063,76.183762,0.213627,1
B4,1606.6063,87.38076,0.202502,1
B4,1607.1063,94.012222,0.20196,1
B4,1607.6063,92.203232,0.205685,1
B4,1608.1063,89.991165,0.205852,1
B4,1608.6063,90.61763,0.204584,1
B4,1609.1063,88.830467,0.208997,1
B4,1609.6063,82.511414,0.215701,1
B4,1610.1063,78.229408,0.21653,1
B4,1610.6063,78.633804,0.21499,1
B4,1611.1063,79.643143,0.214754,1
B4,1611.6063,79.611298,0.215045,1
B4,1612.1063,78.166824,0.217296,1
B4,1612.6063,75.159904,0.220336,1
B4,1613.1063,72.156837,0.22258,1
B4,1613.6063,69.789345,0.224502,1
B4,1614.1063,72.624741,0.217591,1
B4,1614.6063,82.505135,0.207118,1
B4,1615.1063,89.954788,0.204484,1
B4,1615.6063,91.152031,0.205011,1
B4,1616.1063,89.063728,0.208158,1
B4,1616.6063,84.886475,0.212361,1
B4,1617.1063,82.989105,0.211496,1
B4,1617.6063,85.133636,0.208588,1
B4,1618.1063,86.378952,0.209305,1
B4,1618.6063,84.732246,0.211485,1
B4,1619.1063,81.535599,0.214929,1
B4,1619.6063,77.330292,0.218883,1
B4,1620.1063,75.363052,0.21839,1
B4,1620.6063,76.943352,0.216103,1
B4,1621.1063,76.266235,0.219582,1
B4,1621.6063,70.990501,0.225386,1
B4,1622.1063,72.106613,0.217618,1
B4,1622.6063,84.047195,0.204377,1
B4,1623.1063,90.915604,0.205534,1
B4,1623.6063,86.300468,0.212497,1
B4,1624.1063,85.588242,0.206787,1
B4,1624.6063,94.984528,0.195965,1
B4,1625.1063,101.39577,0.195507,1
B4,1625.6063,99.54113,0.199228,1
B4,1626.1063,98.336044,0.197627,1
B4,1626.6063,101.37629,0.193879,1
B4,1627.1063,100.21739,0.199666,1
B4,1627.6063,91.453575,0.209299,1
B4,1628.1063,84.832848,0.211315,1
B4,1628.6063,84.286713,0.210259,1
B4,1629.1063,86.281563,0.207805,1
B4,1629.6063,89.392197,0.204787,1
B4,1630.1063,86.959557,0.212085,1
B4,1630.6063,76.29792,0.223545,1
B4,1631.1063,69.811806,0.223497,1
B4,1631.6063,72.504143,0.218808,1
B4,1632.1063,80.87796,0.208763,1
B4,1632.6063,93.522903,0.196559,1
B4,1633.1063,99.116051,0.198923,1
B4,1633.6063,93.090691,0.207161,1
B4,1634.1063,83.479393,0.215833,1
B4,1634.6063,73.521805,0.22468,1
B4,1635.1063,68.603851,0.224486,1
B4,1635.6063,70.897751,0.220645,1
B4,1636.1063,75.043198,0.217193,1
B4,1636.6063,78.878281,0.213897,1
B4,1637.1063,80.27845,0.214729,1
B4,1637.6063,78.386848,0.217225,1
B4,1638.1063,75.968987,0.218983,1
B4,1638.6063,74.140244,0.220443,1
B4,1639.1063,76.726807,0.214432,1
B4,1639.6063,85.271828,0.205408,1
B4,1640.1063,88.102699,0.209451,1
B4,1640.6063,80.511681,0.218764,1
B4,1641.1063,74.791534,0.219516,1
B4,1641.6063,75.900131,0.216814,1
B4,1642.1063,78.383049,0.215147,1
B4,1642.6063,80.040443,0.213898,1
B4,1643.1063,83.378456,0.209274,1
B4,1643.6063,89.407875,0.20329,1
B4,1644.1063,93.640167,0.201828,1
B4,1644.6063,94.265053,0.20219,1
B4,1645.1063,91.543282,0.206616,1
B4,1645.6063,85.580009,0.212682,1
B4,1646.1063,85.256165,0.207186,1
B4,1646.6063,94.153564,0.197028,1
B4,1647.1063,97.729172,0.200895,0
B4,1647.6063,90.117554,0.21042,0
B4,1648.1063,83.934219,0.211774,0
B4,1648.6063,84.267197,0.209834,0
B4,1649.1063,85.100449,0.210308,1
B4,1649.6063,84.007607,0.211757,1
B4,1650.1063,87.331451,0.20446,1
B4,1650.6063,97.630119,0.193637,1
B4,1651.1063,97.175858,0.204699,1
B4,1651.6063,78.81881,0.224588,1
B4,1652.1063,67.189835,0.224707,1
B4,1652.6063,72.222961,0.216853,1
B4,1653.1063,80.053047,0.211943,1
B4,1653.6063,85.088051,0.208221,1
B4,1654.1063,88.698212,0.205592,1
B4,1654.6063,91.436188,0.203404,1
B4,1655.1063,90.435577,0.207352,1
B4,1655.6063,84.540321,0.213776,1
B4,1656.1063,79.6483,0.215959,1
B4,1656.6063,78.138222,0.216433,1
B4,1657.1063,79.934837,0.212798,1
B4,1657.6063,85.00779,0.207507,1
B4,1658.1063,90.153152,0.203745,1
B4,1658.6063,94.078728,0.2006,1
B4,1659.1063,95.450645,0.201331,1
B4,1659.6063,93.730934,0.203626,1
B4,1660.1063,89.094284,0.209489,1
B4,1660.6063,81.611137,0.216792,1
B4,1661.1063,78.672729,0.214659,1
B4,1661.6063,83.260071,0.208721,1
B4,1662.1063,89.388596,0.203876,1
B4,1662.6063,94.644638,0.199473,1
B4,1663.1063,97.90126,0.198147,1
B4,1663.6063,98.703949,0.198061,1
B4,1664.1063,96.640633,0.201777,1
B4,1664.6063,91.54512,0.207026,1
B4,1665.1063,85.676651,0.212102,1
B4,1665.6063,79.946426,0.217108,1
B4,1666.1063,76.841255,0.217565,1
B4,1666.6063,77.364136,0.216188,0
B4,1667.1063,77.457123,0.217402,0
B4,1667.6063,75.483597,0.219661,0
B4,1668.1063,77.525055,0.21381,0
B4,1668.6063,86.034248,0.204689,0
B4,1669.1063,90.04361,0.206756,0
B4,1669.6063,85.129745,0.213335,0
B4,1670.1063,82.332069,0.211678,0
B4,1670.6063,86.102982,0.2067,1
B4,1671.1063,89.445107,0.205798,1
B4,1671.6063,89.536324,0.20654,1
B4,1672.1063,89.028725,0.206691,1
B4,1672.6063,88.991943,0.206604,1
B4,1673.1063,84.830521,0.214012,1
B4,1673.6063,74.691055,0.224444,1
B4,1674.1063,70.931786,0.220627,1
B4,1674.6063,78.53698,0.211064,1
B4,1675.1063,83.706017,0.211533,1
B4,1675.6063,80.872879,0.216048,1
B4,1676.1063,77.940575,0.216692,1
B4,1676.6063,78.096519,0.215774,1
B4,1677.1063,79.488594,0.214243,1
B4,1677.6063,81.369804,0.212464,1
B4,1678.1063,82.808517,0.211711,1
B4,1678.6063,83.42897,0.211372,1
B4,1679.1063,82.073212,0.214097,1
B4,1679.6063,78.274208,0.218056,1
B4,1680.1063,77.695396,0.215115,1
B4,1680.6063,82.620926,0.20939,1
B4,1681.1063,88.75898,0.204316,1
B4,1681.6063,94.378593,0.199503,1
B4,1682.1063,97.404678,0.198991,1
B4,1682.6063,97.00032,0.200215,1
B4,1683.1063,93.413071,0.205303,1
B4,1683.6063,86.742805,0.211951,1
B4,1684.1063,82.155792,0.213374,0
B4,1684.6063,81.73568,0.21269,0
B4,1685.1063,82.053207,0.212815,0
B4,1685.6063,81.725319,0.213266,0
B4,1686.1063,81.891403,0.212522,0
B4,1686.6063,83.011002,0.211296,0
B4,1687.1063,82.389114,0.213617,0
B4,1687.6063,78.938828,0.217367,0
B4,1688.1063,76.058891,0.218684,0
B4,1688.6063,75.120079,0.219019,0
B4,1689.1063,77.882423,0.213823,0
B4,1689.6063,85.055801,0.206397,0
B4,1690.1063,90.111031,0.204929,0
B4,1690.6063,90.414803,0.205863,0
B4,1691.1063,89.473129,0.206586,0
B4,1691.6063,88.700043,0.207223,0
B4,1692.1063,84.572464,0.213848,0
B4,1692.6063,75.669495,0.222887,0
B4,1693.1063,74.305733,0.216247,0
B4,1693.6063,85.447845,0.203284,0
B4,1694.1063,95.639915,0.198315,1
B4,1694.6063,99.454948,0.196571,1
B4,1695.1063,96.878609,0.202848,1
B4,1695.6063,87.905128,0.212359,1
B4,1696.1063,84.268784,0.209246,1
B4,1696.6063,90.702187,0.20104,1
B4,1697.1063,94.231827,0.203036,1
B4,1697.6063,89.625298,0.209145,1
B4,1698.1063,85.889023,0.209609,1
B4,1698.6063,86.655418,0.207797,1
B4,1699.1063,85.174088,0.212216,1
B4,1699.6063,78.722473,0.219148,1
B4,1700.1063,75.171387,0.218463,1
B4,1700.6063,77.695236,0.214707,1
B4,1701.1063,78.976974,0.216209,1
B4,1701.6063,76.065514,0.21983,1
B4,1702.1063,75.406174,0.217369,1
B4,1702.6063,79.59845,0.212454,1
B4,1703.1063,82.433022,0.212382,1
B4,1703.6063,81.405602,0.214262,1
B4,1704.1063,82.643295,0.210204,1
B4,1704.6063,88.617271,0.203751,1
B4,1705.1063,94.203522,0.200375,1
B4,1705.6063,97.335442,0.19824,2
B4,1706.1063,97.441917,0.200188,2
B4,1706.6063,94.292587,0.203781,2
B4,1707.1063,91.403229,0.205271,2
B4,1707.6063,90.191811,0.205913,2
B4,1708.1063,90.98455,0.203877,2
B4,1708.6063,93.91301,0.200761,2
B4,1709.1063,93.924149,0.203857,2
B4,1709.6063,88.97998,0.20946,2
B4,1710.1063,85.168442,0.210563,2
B4,1710.6063,84.944923,0.209852,2
B4,1711.1063,85.489853,0.209604,2
B4,1711.6063,85.666061,0.209543,2
B4,1712.1063,83.876122,0.212754,2
B4,1712.6063,79.475777,0.217285,2
B4,1713.1063,76.58606,0.217838,2
B4,1713.6063,76.869049,0.216787,2
B4,1714.1063,76.595451,0.21832,2
B4,1714.6063,74.261208,0.220894,2
B4,1715.1063,74.767593,0.217429,2
B4,1715.6063,80.091393,0.211527,1
B4,1716.1063,85.284637,0.208291,1
B4,1716.6063,88.351707,0.206131,1
B4,1717.1063,88.352615,0.20829,1
B4,1717.6063,84.908234,0.212191,1
B4,1718.1063,81.47348,0.214333,1
B4,1718.6063,79.441772,0.215765,1
B4,1719.1063,79.820587,0.213666,1
B4,1719.6063,83.016251,0.210143,1
B4,1720.1063,83.203255,0.213337,1
B4,1720.6063,78.032082,0.219241,1
B4,1721.1063,78.842232,0.211912,1
B4,1721.6063,90.207123,0.199245,1
B4,1722.1063,98.900948,0.196616,1
B4,1722.6063,99.589516,0.198034,1
B4,1723.1063,96.23394,0.20252,1
B4,1723.6063,90.431786,0.208242,1
B4,1724.1063,85.079826,0.211936,1
B4,1724.6063,81.346359,0.214812,1
B4,1725.1063,83.050919,0.208937,1
B4,1725.6063,91.733955,0.199534,1
B4,1726.1063,93.125389,0.206489,1
B4,1726.6063,81.469879,0.220041,1
B4,1727.1063,72.739189,0.22185,1
B4,1727.6063,73.374992,0.218922,1
B4,1728.1063,77.569923,0.214469,1
B4,1728.6063,82.981804,0.209401,1
B4,1729.1063,87.060982,0.207292,1
B4,1729.6063,88.779152,0.206378,1
B4,1730.1063,91.153137,0.203115,1
B4,1730.6063,95.399673,0.198906,1
B4,1731.1063,92.793694,0.2077,1
B4,1731.6063,79.8162,0.221739,1
B4,1732.1063,72.447189,0.220666,1
B4,1732.6063,77.131638,0.213497,1
B4,1733.1063,83.438232,0.20957,0
B4,1733.6063,87.159843,0.206949,0
B4,1734.1063,89.598251,0.205279,0
B4,1734.6063,91.278458,0.203993,0
B4,1735.1063,87.467377,0.211985,0
B4,1735.6063,76.256065,0.223719,0
B4,1736.1063,70.415237,0.222261,0
B4,1736.6063,75.095512,0.215484,0
B4,1737.1063,78.117332,0.216945,0
B4,1737.6063,74.568504,0.221728,0
B4,1738.1063,71.673767,0.222038,0
B4,1738.6063,72.346985,0.220544,1
B4,1739.1063,74.779572,0.217758,1
B4,1739.6063,78.242104,0.214451,1
B4,1740.1063,81.302505,0.212373,1
B4,1740.6063,83.383202,0.210791,1
B4,1741.1063,85.51564,0.208621,1
B4,1741.6063,88.115845,0.206215,1
B4,1742.1063,89.077278,0.20693,1
B4,1742.6063,87.550346,0.208902,1
B4,1743.1063,88.457481,0.205334,1
B4,1743.6063,93.783974,0.199531,1
B4,1744.1063,98.702835,0.196679,1
B4,1744.6063,101.26725,0.195018,1
B4,1745.1063,104.03291,0.191813,1
B4,1745.6063,108.03055,0.187985,1
B4,1746.1063,106.38726,0.194705,1
B4,1746.6063,96.331078,0.205678,1
B4,1747.1063,88.008812,0.209347,1
B4,1747.6063,85.51284,0.210069,1
B4,1748.1063,85.656548,0.209094,1
B4,1748.6063,87.154732,0.207434,1
B4,1749.1063,90.681168,0.20289,1
B4,1749.6063,96.507607,0.197182,1
B4,1750.1063,99.81221,0.197075,1
B4,1750.6063,98.650246,0.199227,1
B4,1751.1063,96.314331,0.201185,1
B4,1751.6063,94.132431,0.203066,1
B4,1752.1063,92.662979,0.203771,1
B4,1752.6063,92.131203,0.204002,1
B4,1753.1063,93.01181,0.202221,1
B4,1753.6063,95.496292,0.19963,1
B4,1754.1063,92.584541,0.207344,2
B4,1754.6063,81.453293,0.219214,2
B4,1755.1063,72.978569,0.222255,2
B4,1755.6063,71.546844,0.221734,2
B4,1756.1063,70.055878,0.218906,2
B4,1756.6063,65.64122,0.215147,2
B4,1757.1063,62.190132,0.228251,2
B4,1757.6063,61.270393,0.248155,2
B4,1758.1063,65.969193,0.2373,2
B4,1758.6063,77.531631,0.214039,2
B4,1759.1063,85.623512,0.208446,2
B4,1759.6063,86.076897,0.209979,3
B4,1760.1063,85.423706,0.209595,3
B4,1760.6063,86.298355,0.208439,3
B4,1761.1063,89.348961,0.204228,3
B4,1761.6063,94.836922,0.198784,3
B4,1762.1063,95.901749,0.202354,3
B4,1762.6063,89.776527,0.209561,3
B4,1763.1063,84.238327,0.212098,2
B4,1763.6063,82.423759,0.212753,2
B4,1764.1063,85.205597,0.207204,2
B4,1764.6063,92.935837,0.199152,2
B4,1765.1063,98.734428,0.197002,2
B4,1765.6063,99.826553,0.197231,2
B4,1766.1063,97.983871,0.200244,2
B4,1766.6063,93.920944,0.204379,2
B4,1767.1063,92.067558,0.203505,2
B4,1767.6063,94.210312,0.200609,2
B4,1768.1063,93.423653,0.204888,2
B4,1768.6063,86.914406,0.212061,2
B4,1769.1063,83.34481,0.211169,2
B4,1769.6063,86.208504,0.207023,2
B4,1770.1063,90.265381,0.204032,2
B4,1770.6063,93.402046,0.201505,2
B4,1771.1063,95.754936,0.199892,2
B4,1771.6063,97.379089,0.198647,2
B4,1772.1063,96.846153,0.200829,2
B4,1772.6063,93.580048,0.204394,2
B4,1773.1063,87.341095,0.211806,3
B4,1773.6063,78.032639,0.220771,3
B4,1774.1063,75.158768,0.216863,3
B4,1774.6063,82.552605,0.207762,3
B4,1775.1063,89.24527,0.205087,3
B4,1775.6063,90.812813,0.205004,3
B4,1776.1063,87.138168,0.211553,3
B4,1776.6063,78.174141,0.220776,3
B4,1777.1063,75.184746,0.216813,3
B4,1777.6063,82.712936,0.207531,3
B4,1778.1063,87.149643,0.209006,3
B4,1778.6063,83.006096,0.214821,3
B4,1779.1063,81.029465,0.212484,1
B4,1779.6063,85.554237,0.20686,1
B4,1780.1063,87.266502,0.209471,1
B4,1780.6063,82.409821,0.215405,1
B4,1781.1063,77.85154,0.217491,1
B4,1781.6063,76.361359,0.218026,1
B4,1782.1063,76.219231,0.217741,1
B4,1782.6063,76.731422,0.217125,1
B4,1783.1063,78.602013,0.21445,1
B4,1783.6063,82.114944,0.210944,1
B4,1784.1063,83.308495,0.21235,1
B4,1784.6063,80.584808,0.215737,1
B4,1785.1063,78.789604,0.215509,1
B4,1785.6063,79.877213,0.213823,1
B4,1786.1063,78.700684,0.217579,1
B4,1786.6063,73.184174,0.223529,1
B4,1787.1063,69.693542,0.22372,1
B4,1787.6063,70.796272,0.221589,1
B4,1788.1063,75.859543,0.214812,1
B4,1788.6063,84.628136,0.206161,1
B4,1789.1063,91.064178,0.203488,1
B4,1789.6063,92.732536,0.203226,1
B4,1790.1063,93.14492,0.202763,1
B4,1790.6063,93.717667,0.202218,1
B4,1791.1063,93.730492,0.20274,1
B4,1791.6063,92.892899,0.203692,1
B4,1792.1063,89.646835,0.208451,1
B4,1792.6063,83.36393,0.214746,1
B4,1793.1063,80.014626,0.214344,1
B4,1793.6063,82.006897,0.211241,1
B4,1794.1063,84.967789,0.209135,1
B4,1794.6063,87.133606,0.207431,1
B4,1795.1063,89.987991,0.204113,1
B4,1795.6063,94.129295,0.200144,1
B4,1796.1063,96.755898,0.199491,1
B4,1796.6063,96.737823,0.200176,1
B4,1797.1063,94.649773,0.203165,1
B4,1797.6063,90.723541,0.207084,1
B4,1798.1063,87.180946,0.209398,1
B4,1798.6063,84.918053,0.211065,1
B4,1799.1063,83.093643,0.212608,1
B4,1799.6063,81.368446,0.2141,1
B4,1800.1063,81.102036,0.213076,1
B4,1800.6063,82.842766,0.211038,1
B4,1801.1063,84.560066,0.210055,1
B4,1801.6063,85.435005,0.209498,1
B4,1802.1063,84.556343,0.211601,1
B4,1802.6063,81.556564,0.214776,1
B4,1803.1063,80.402336,0.213632,1
B4,1803.6063,82.693497,0.210746,1
B4,1804.1063,86.301338,0.207284,1
B4,1804.6063,90.367332,0.203591,1
B4,1805.1063,91.305145,0.205634,1
B4,1805.6063,87.668381,0.20999,1
B4,1806.1063,86.561523,0.207582,1
B4,1806.6063,90.849937,0.202445,1
B4,1807.1063,90.360146,0.208443,1
B4,1807.6063,80.989044,0.218932,1
B4,1808.1063,75.813744,0.217548,1
B4,1808.6063,80.108429,0.211376,1
B4,1809.1063,84.025467,0.210657,1
B4,1809.6063,83.59314,0.212137,1
B4,1810.1063,80.712112,0.215726,1
B4,1810.6063,76.148964,0.220166,1
B4,1811.1063,75.167786,0.217453,1
B4,1811.6063,79.891663,0.211854,1
B4,1812.1063,83.258118,0.211529,1
B4,1812.6063,82.418739,0.213331,0
B4,1813.1063,81.442879,0.213246,0
B4,1813.6063,81.971748,0.212401,0
B4,1814.1063,83.192772,0.211098,0
B4,1814.6063,84.778198,0.209611,0
B4,1815.1063,86.886803,0.207388,0
B4,1815.6063,89.582634,0.204868,0
B4,1816.1063,90.319717,0.206092,0
B4,1816.6063,88.071236,0.208825,1
B4,1817.1063,84.127533,0.21303,1
B4,1817.6063,79.009048,0.21783,1
B4,1818.1063,76.060364,0.218218,1
B4,1818.6063,76.630402,0.216827,1
B4,1819.1063,81.831398,0.209067,1
B4,1819.6063,92.111938,0.198739,1
B4,1820.1063,99.43837,0.196177,1
B4,1820.6063,100.57061,0.196747,1
B4,1821.1063,97.173805,0.202154,1
B4,1821.6063,89.919556,0.209511,1
B4,1822.1063,83.941048,0.212672,1
B4,1822.6063,81.308594,0.214142,1
B4,1823.1063,83.328003,0.209119,1
B4,1823.6063,90.525955,0.201477,1
B4,1824.1063,96.061966,0.199379,1
B4,1824.6063,97.177155,0.199516,1
B4,1825.1063,99.889313,0.194607,1
B4,1825.6063,106.62548,0.187664,1
B4,1826.1063,108.97443,0.190474,1
B4,1826.6063,103.54377,0.197219,1
B4,1827.1063,93.429115,0.20827,1
B4,1827.6063,79.878967,0.221059,1
B4,1828.1063,74.757515,0.217281,1
B4,1828.6063,82.849777,0.206821,1
B4,1829.1063,90.731247,0.203414,1
B4,1829.6063,92.987595,0.202852,3
B4,1830.1063,89.224213,0.210036,3
B4,1830.6063,79.281975,0.220344,3
B4,1831.1063,72.432098,0.222087,3
B4,1831.6063,72.413818,0.220376,3
B4,1832.1063,70.627106,0.217993,3
B4,1832.6063,63.603436,0.215339,3
B4,1833.1063,62.329639,0.214396,3
B4,1833.6063,71.236877,0.214143,3
B4,1834.1063,81.501572,0.209412,3
B4,1834.6063,89.565002,0.202875,3
B4,1835.1063,92.869293,0.203598,3
B4,1835.6063,90.382805,0.20725,3
B4,1836.1063,84.187042,0.214499,3
B4,1836.6063,75.121529,0.2232,3
B4,1837.1063,72.683647,0.218789,2
B4,1837.6063,80.70385,0.209089,2
B4,1838.1063,87.130341,0.207481,2
B4,1838.6063,87.102463,0.209138,2
B4,1839.1063,85.627541,0.210076,2
B4,1839.6063,84.725121,0.210725,2
B4,1840.1063,84.285049,0.210851,2
B4,1840.6063,84.262871,0.210765,2
B4,1841.1063,83.382454,0.2124,2
B4,1841.6063,81.129105,0.214729,2
B4,1842.1063,80.560509,0.213401,2
B4,1842.6063,82.909866,0.210596,2
B4,1843.1063,85.01239,0.209701,2
B4,1843.6063,85.59169,0.209577,2
B4,1844.1063,87.777924,0.205855,2
B4,1844.6063,92.833534,0.200682,2
B4,1845.1063,92.056313,0.207222,2
B4,1845.6063,81.936523,0.218487,2
B4,1846.1063,75.28936,0.218917,2
B4,1846.6063,77.283401,0.214978,2
B4,1847.1063,83.261208,0.2084,2
B4,1847.6063,91.344368,0.200757,2
B4,1848.1063,91.664543,0.207837,2
B4,1848.6063,80.241692,0.220855,2
B4,1849.1063,72.616898,0.221252,2
B4,1849.6063,75.058159,0.21656,2
B4,1850.1063,79.969254,0.212611,2
B4,1850.6063,84.286507,0.208963,2
B4,1851.1063,85.110489,0.211162,2
B4,1851.6063,81.271797,0.215718,2
B4,1852.1063,75.025391,0.220579,2
B4,1852.6063,67.280724,0.225563,2
B4,1853.1063,66.397545,0.220864,1
B4,1853.6063,75.747452,0.212258,1
B4,1854.1063,84.460747,0.208375,1
B4,1854.6063,88.153519,0.206396,1
B4,1855.1063,88.455551,0.207844,1
B4,1855.6063,86.024162,0.210674,1
B4,1856.1063,83.546494,0.212203,1
B4,1856.6063,82.106293,0.213207,1
B4,1857.1063,80.515968,0.215001,1
B4,1857.6063,78.296539,0.217112,1
B4,1858.1063,77.088097,0.217127,1
B4,1858.6063,77.552132,0.216296,1
B4,1859.1063,77.656265,0.216944,1
B4,1859.6063,76.580795,0.218188,1
B4,1860.1063,76.271095,0.217489,1
B4,1860.6063,77.511742,0.216005,1
B4,1861.1063,76.562859,0.219158,1
B4,1861.6063,71.916084,0.224181,1
B4,1862.1063,72.256401,0.21856,1
B4,1862.6063,81.086578,0.208645,1
B4,1863.1063,85.002029,0.21167,1
B4,1863.6063,78.596481,0.219915,1
B4,1864.1063,72.90052,0.221692,1
B4,1864.6063,72.362946,0.220861,1
B4,1865.1063,73.325462,0.219999,1
B4,1865.6063,74.312645,0.219124,1
B4,1866.1063,78.094818,0.213344,1
B4,1866.6063,85.789314,0.205586,1
B4,1867.1063,92.400017,0.201713,1
B4,1867.6063,95.911903,0.199407,1
B4,1868.1063,93.056999,0.206736,1
B4,1868.6063,82.517273,0.217951,1
B4,1869.1063,74.813148,0.220291,1
B4,1869.6063,74.187675,0.219051,1
B4,1870.1063,77.844116,0.213858,1
B4,1870.6063,84.654488,0.207069,1
B4,1871.1063,88.682938,0.20677,1
B4,1871.6063,87.535477,0.209088,1
B4,1872.1063,86.841316,0.207991,1
B4,1872.6063,88.870811,0.205517,1
B4,1873.1063,87.690399,0.210068,1
B4,1873.6063,80.906982,0.217452,1
B4,1874.1063,77.797745,0.215538,1
B4,1874.6063,82.104324,0.209875,1
B4,1875.1063,85.408752,0.209725,1
B4,1875.6063,84.315948,0.211798,1
B4,1876.1063,83.602097,0.210981,1
B4,1876.6063,85.193497,0.208998,1
B4,1877.1063,87.4263,0.207052,1
B4,1877.6063,89.629448,0.205122,1
B4,1878.1063,89.576195,0.207146,1
B4,1878.6063,86.368446,0.210766,1
B4,1879.1063,85.298103,0.209029,1
B4,1879.6063,88.499451,0.205133,1
B4,1880.1063,93.342354,0.200508,1
B4,1880.6063,98.766045,0.19559,1
B4,1881.1063,98.10659,0.201669,1
B4,1881.6063,88.676338,0.212182,1
B4,1882.1063,81.839806,0.213697,1
B4,1882.6063,82.180504,0.211583,1
B4,1883.1063,82.133148,0.213781,1
B4,1883.6063,78.646561,0.217718,1
B4,1884.1063,78.457245,0.214114,1
B4,1884.6063,84.28215,0.207469,0
B4,1885.1063,88.069839,0.20745,0
B4,1885.6063,86.573029,0.210103,0
B4,1886.1063,81.579834,0.216235,0
B4,1886.6063,73.81144,0.22377,0
B4,1887.1063,71.230682,0.220775,0
B4,1887.6063,77.049103,0.213533,0
B4,1888.1063,83.177589,0.209993,0
B4,1888.6063,86.353691,0.207945,0
B4,1889.1063,87.828163,0.207398,0
B4,1889.6063,88.105461,0.207457,0
B4,1890.1063,84.534058,0.213682,0
B4,1890.6063,76.04454,0.222393,0
B4,1891.1063,72.231361,0.220391,0
B4,1891.6063,76.964088,0.214067,0
B4,1892.1063,83.793739,0.208375,1
B4,1892.6063,90.119301,0.202938,1
B4,1893.1063,94.303886,0.201012,1
B4,1893.6063,95.687309,0.200503,1
B4,1894.1063,94.534096,0.203041,1
B4,1894.6063,90.950935,0.206808,1
B4,1895.1063,88.966705,0.206532,1
B4,1895.6063,90.206306,0.204627,1
B4,1896.1063,94.884972,0.198301,1
B4,1896.6063,103.08952,0.190192,1
B4,1897.1063,105.30908,0.194396,1
B4,1897.6063,97.707771,0.203566,1
B4,1898.1063,87.212708,0.212861,1
B4,1898.6063,76.617683,0.222206,1
B4,1899.1063,74.876801,0.215923,1
B4,1899.6063,85.601418,0.203337,1
B4,1900.1063,93.35228,0.202286,1
B4,1900.6063,91.902519,0.205888,1
B4,1901.1063,87.10434,0.210728,1
B4,1901.6063,81.318001,0.216068,1
B4,1902.1063,77.028725,0.218275,1
B4,1902.6063,75.238838,0.219218,1
B4,1903.1063,78.522697,0.212498,1
B4,1903.6063,87.918571,0.202687,1
B4,1904.1063,95.452499,0.199242,1
B4,1904.6063,97.908424,0.198365,1
B4,1905.1063,93.933792,0.206235,1
B4,1905.6063,82.983086,0.217632,1
B4,1906.1063,77.562347,0.215773,1
B4,1906.6063,82.715469,0.208566,1
B4,1907.1063,87.681526,0.207036,1
B4,1907.6063,88.120476,0.207794,1
B4,1908.1063,88.181915,0.206927,1
B4,1908.6063,89.539459,0.205405,1
B4,1909.1063,88.43602,0.208869,1
B4,1909.6063,83.356316,0.214343,1
B4,1910.1063,81.297859,0.21249,1
B4,1910.6063,85.08287,0.207683,1
B4,1911.1063,87.91021,0.207515,1
B4,1911.6063,87.03688,0.209219,1
B4,1912.1063,87.735123,0.206287,1
B4,1912.6063,92.131325,0.201485,1
B4,1913.1063,94.506645,0.202108,1
B4,1913.6063,92.554588,0.204919,1
B4,1914.1063,88.46273,0.209307,1
B4,1914.6063,83.113358,0.214331,1
B4,1915.1063,82.371078,0.210613,1
B4,1915.6063,88.601196,0.20337,1
B4,1916.1063,93.476295,0.202036,1
B4,1916.6063,93.637772,0.203085,1
B4,1917.1063,91.766151,0.205329,1
B4,1917.6063,88.942551,0.208054,1
B4,1918.1063,87.440002,0.207973,1
B4,1918.6063,88.175262,0.20676,1
B4,1919.1063,87.110718,0.209845,1
B4,1919.6063,82.61792,0.214665,1
B4,1920.1063,76.737305,0.220192,1
B4,1920.6063,70.291801,0.226005,1
B4,1921.1063,69.67691,0.221274,1
B4,1921.6063,77.472023,0.21229,1
B4,1922.1063,84.811249,0.208361,1
B4,1922.6063,88.118813,0.20647,1
B4,1923.1063,87.304276,0.209794,1
B4,1923.6063,82.331146,0.21522,1
B4,1924.1063,78.992889,0.215668,1
B4,1924.6063,79.626122,0.214107,1
B4,1925.1063,78.296509,0.218007,1
B4,1925.6063,72.610641,0.22411,1
B4,1926.1063,69.185158,0.224034,1
B4,1926.6063,70.688622,0.221465,2
B4,1927.1063,75.500122,0.215569,2
B4,1927.6063,82.965897,0.20833,2
B4,1928.1063,89.080124,0.204811,2
B4,1928.6063,92.22718,0.202792,2
B4,1929.1063,86.938728,0.219128,2
B4,1929.6063,71.009277,0.242867,2
B4,1930.1063,64.603508,0.234442,2
B4,1930.6063,75.854156,0.213046,2
B4,1931.1063,84.36541,0.210411,2
B4,1931.6063,81.911301,0.215343,2
B4,1932.1063,80.888489,0.212211,2
B4,1932.6063,86.296722,0.205827,2
B4,1933.1063,88.388588,0.20853,2
B4,1933.6063,83.23278,0.214898,2
B4,1934.1063,81.510727,0.21156,2
B4,1934.6063,87.530434,0.204307,2
B4,1935.1063,92.054771,0.203599,2
B4,1935.6063,91.358231,0.205532,2
B4,1936.1063,88.962898,0.207814,1
B4,1936.6063,86.289307,0.210237,1
B4,1937.1063,84.866653,0.210317,1
B4,1937.6063,85.311684,0.209453,1
B4,1938.1063,83.773857,0.213023,1
B4,1938.6063,78.700188,0.21838,1
B4,1939.1063,77.639915,0.214888,1
B4,1939.6063,83.637756,0.207827,1
B4,1940.1063,85.958946,0.210804,1
B4,1940.6063,80.273979,0.21783,1
B4,1941.1063,75.443642,0.219303,1
B4,1941.6063,75.041611,0.218537,1
B4,1942.1063,75.412598,0.218651,1
B4,1942.6063,75.082336,0.219118,1
B4,1943.1063,71.367126,0.220693,1
B4,1943.6063,63.184582,0.222713,1
B4,1944.1063,59.039036,0.224361,1
B4,1944.6063,62.360424,0.225859,1
B4,1945.1063,70.388435,0.218356,1
B4,1945.6063,82.009811,0.207224,1
B4,1946.1063,93.493958,0.198151,1
B4,1946.6063,103.33629,0.189907,1
B4,1947.1063,105.88451,0.193667,1
B4,1947.6063,98.858971,0.202268,1
B4,1948.1063,94.852356,0.200716,1
B4,1948.6063,98.943512,0.19507,1
B4,1949.1063,99.304047,0.200082,1
B4,1949.6063,91.163361,0.209393,1
B4,1950.1063,79.045464,0.227395,1
B4,1950.6063,64.77494,0.248901,1
B4,1951.1063,63.510574,0.234452,1
B4,1951.6063,81.366135,0.205501,1
B4,1952.1063,94.679985,0.200202,1
B4,1952.6063,93.908997,0.204442,1
B4,1953.1063,88.988182,0.20886,1
B4,1953.6063,83.924477,0.213351,1
B4,1954.1063,84.73616,0.207432,1
B4,1954.6063,93.85051,0.197315,1
B4,1955.1063,95.075996,0.205276,1
B4,1955.6063,81.882339,0.220528,1
B4,1956.1063,74.714912,0.217887,1
B4,1956.6063,81.819695,0.208028,1
B4,1957.1063,88.691795,0.205796,1
B4,1957.6063,89.481194,0.206639,1
B4,1958.1063,89.391205,0.205954,1
B4,1958.6063,90.520409,0.204652,1
B4,1959.1063,91.835197,0.203641,1
B4,1959.6063,92.918694,0.202746,1
B4,1960.1063,91.940086,0.205363,1
B4,1960.6063,88.161011,0.209395,1
B4,1961.1063,84.952988,0.211007,1
B4,1961.6063,83.675812,0.211642,1
B4,1962.1063,82.5951,0.212909,1
B4,1962.6063,81.011353,0.214429,1
B4,1963.1063,80.091682,0.214526,1
B4,1963.6063,80.306786,0.21405,1
B4,1964.1063,80.34137,0.214465,1
B4,1964.6063,79.66497,0.21524,1
B4,1965.1063,78.245934,0.216962,1
B4,1965.6063,76.071487,0.219066,1
B4,1966.1063,73.328445,0.221788,1
B4,1966.6063,70.09214,0.22476,1
B4,1967.1063,67.573547,0.226219,1
B4,1967.6063,66.26107,0.227069,1
B4,1968.1063,68.968079,0.221457,1
B4,1968.6063,76.829247,0.213238,1
B4,1969.1063,82.736954,0.211063,1
B4,1969.6063,83.82457,0.211325,1
B4,1970.1063,85.034775,0.208933,1
B4,1970.6063,88.361046,0.205472,1
B4,1971.1063,85.979401,0.213123,1
B4,1971.6063,74.734322,0.225257,1
B4,1972.1063,70.776344,0.220087,1
B4,1972.6063,80.619255,0.207939,1
B4,1973.1063,88.975372,0.205385,1
B4,1973.6063,89.678955,0.206701,1
B4,1974.1063,88.082123,0.208195,1
B4,1974.6063,86.343468,0.20976,1
B4,1975.1063,87.134186,0.206803,1
B4,1975.6063,91.531601,0.202023,1
B4,1976.1063,95.136627,0.200461,1
B4,1976.6063,96.175034,0.200196,1
B4,1977.1063,92.031761,0.207751,1
B4,1977.6063,81.652122,0.218459,1
B4,1978.1063,76.419945,0.216956,1
B4,1978.6063,80.926476,0.21053,1
B4,1979.1063,85.643372,0.208658,1
B4,1979.6063,86.727692,0.208622,1
B4,1980.1063,87.185059,0.207853,1
B4,1980.6063,88.227676,0.206787,1
B4,1981.1063,86.242989,0.211344,1
B4,1981.6063,79.773987,0.218169,1
B4,1982.1063,77.667702,0.215051,1
B4,1982.6063,83.492264,0.207921,1
B4,1983.1063,85.91851,0.210781,1
B4,1983.6063,80.377197,0.217671,1
B4,1984.1063,78.169815,0.214665,1
B4,1984.6063,83.854439,0.207669,1
B4,1985.1063,88.308601,0.206828,1
B4,1985.6063,87.853065,0.208471,1
B4,1986.1063,91.518204,0.20038,1
B4,1986.6063,102.94609,0.188364,1
B4,1987.1063,108.78165,0.190113,1
B4,1987.6063,103.63857,0.197413,1
B4,1988.1063,95.714333,0.204055,1
B4,1988.6063,88.315125,0.210431,1
B4,1989.1063,86.023941,0.208086,1
B4,1989.6063,90.689163,0.202223,1
B4,1990.1063,90.751221,0.207977,1
B4,1990.6063,81.547958,0.218416,1
B4,1991.1063,74.783356,0.219879,1
B4,1991.6063,75.177826,0.217722,1
B4,1992.1063,77.234863,0.21626,1
B4,1992.6063,78.73764,0.215078,1
B4,1993.1063,78.441605,0.21678,1
B4,1993.6063,75.844795,0.219646,1
B4,1994.1063,76.736244,0.215212,1
B4,1994.6063,83.450752,0.207833,1
B4,1995.1063,88.012054,0.207187,1
B4,1995.6063,87.203194,0.209256,1
B4,1996.1063,82.081322,0.216198,0
B4,1996.6063,73.072792,0.225106,0
B4,1997.1063,68.863235,0.223605,0
B4,1997.6063,72.955704,0.217905,0
B4,1998.1063,76.820168,0.216805,0
B4,1998.6063,77.016335,0.21756,0
B4,1999.1063,78.375763,0.214414,0
B4,1999.6063,82.847092,0.209694,1
B4,2000.1063,83.853439,0.212643,1
B4,2000.6063,78.742264,0.218686,1
B4,2001.1063,74.469353,0.220161,1
B4,2001.6063,73.840096,0.219794,1
B4,2002.1063,77.457916,0.213796,1
B4,2002.6063,85.566177,0.205527,1
B4,2003.1063,87.55825,0.210291,1
B4,2003.6063,79.156334,0.22031,1
B4,2004.1063,74.892632,0.217792,1
B4,2004.6063,80.62822,0.210219,1
B4,2005.1063,84.596764,0.21081,1
B4,2005.6063,82.052711,0.214695,1
B4,2006.1063,80.290558,0.21391,1
B4,2006.6063,82.252281,0.211243,1
B4,2007.1063,83.280701,0.212101,1
B4,2007.6063,81.497475,0.214381,1
B4,2008.1063,82.867867,0.20969,1
B4,2008.6063,89.797775,0.202188,1
B4,2009.1063,96.370239,0.198126,1
B4,2009.6063,100.19886,0.195452,1
B4,2010.1063,96.130196,0.205285,1
B4,2010.6063,82.08577,0.220162,1
B4,2011.1063,72.547485,0.222067,1
B4,2011.6063,73.35614,0.218739,1
B4,2012.1063,80.244499,0.209947,1
B4,2012.6063,91.491531,0.19895,1
B4,2013.1063,94.941368,0.203877,1
B4,2013.6063,85.691338,0.215225,1
B4,2014.1063,78.957375,0.215725,1
B4,2014.6063,80.876289,0.211849,1
B4,2015.1063,85.104507,0.208285,1
B4,2015.6063,89.083565,0.204848,1
B4,2016.1063,89.883621,0.206878,1
B4,2016.6063,86.323036,0.211113,1
B4,2017.1063,82.339027,0.213888,1
B4,2017.6063,79.519539,0.216074,1
B4,2018.1063,80.721191,0.211774,1
B4,2018.6063,87.096115,0.204858,1
B4,2019.1063,93.437508,0.200616,1
B4,2019.6063,97.645386,0.197454,1
B4,2020.1063,97.25251,0.201307,1
B4,2020.6063,91.263809,0.20799,1
B4,2021.1063,86.901993,0.208981,1
B4,2021.6063,87.080093,0.207677,1
B4,2022.1063,87.418793,0.208386,1
B4,2022.6063,86.15184,0.209906,1
B4,2023.1063,82.230576,0.215285,1
B4,2023.6063,75.232033,0.22222,1
B4,2024.1063,74.658607,0.216294,1
B4,2024.6063,84.342789,0.205181,1
B4,2025.1063,90.229073,0.205937,1
B4,2025.6063,86.648659,0.211481,1
B4,2026.1063,83.763298,0.211014,1
B4,2026.6063,85.671402,0.208124,1
B4,2027.1063,91.275604,0.201154,1
B4,2027.6063,100.13334,0.192539,1
B4,2028.1063,106.94802,0.189164,1
B4,2028.6063,109.58346,0.187903,1
B4,2029.1063,109.11708,0.189985,1
B4,2029.6063,105.98342,0.193416,1
B4,2030.1063,98.386024,0.203352,1
B4,2030.6063,85.600334,0.215911,1
B4,2031.1063,77.692513,0.217265,1
B4,2031.6063,78.722404,0.214099,1
B4,2032.1063,83.997871,0.207983,1
B4,2032.6063,91.626495,0.200677,1
B4,2033.1063,94.469131,0.202982,1
B4,2033.6063,89.646431,0.209163,1
B4,2034.1063,85.381294,0.210486,1
B4,2034.6063,84.990135,0.209851,1
B4,2035.1063,85.877831,0.208924,1
B4,2035.6063,86.997742,0.20788,1
B4,2036.1063,86.622978,0.209583,1
B4,2036.6063,84.057098,0.212395,1
B4,2037.1063,77.329056,0.2312,1
B4,2037.6063,65.64389,0.256456,1
B4,2038.1063,62.768669,0.244147,1
B4,2038.6063,74.255875,0.216687,1
B4,2039.1063,86.331924,0.205233,1
B4,2039.6063,93.441711,0.200234,1
B4,2040.1063,98.046532,0.197131,1
B4,2040.6063,101.13906,0.194793,1
B4,2041.1063,103.41976,0.193118,1
B4,2041.6063,105.17111,0.191711,1
B4,2042.1063,102.7245,0.197423,1
B4,2042.6063,94.600304,0.206005,1
B4,2043.1063,87.727058,0.209516,1
B4,2043.6063,84.899147,0.210981,1
B4,2044.1063,83.663277,0.21169,1
B4,2044.6063,83.030014,0.212095,1
B4,2045.1063,83.983765,0.210012,1
B4,2045.6063,86.92157,0.206926,1
B4,2046.1063,89.601334,0.205297,1
B4,2046.6063,91.118797,0.204256,1
B4,2047.1063,89.112595,0.208827,1
B4,2047.6063,82.630379,0.215661,1
B4,2048.1063,79.627708,0.21411,1
B4,2048.6063,83.313202,0.209177,1
B4,2049.1063,86.515923,0.208475,1
B4,2049.6063,86.343719,0.20948,1
B4,2050.1063,86.22374,0.208686,1
B4,2050.6063,87.538208,0.207167,1
B4,2051.1063,87.760643,0.208295,1
B4,2051.6063,85.872078,0.21049,1
B4,2052.1063,83.717308,0.212086,1
B4,2052.6063,82.040367,0.213441,1
B4,2053.1063,83.034668,0.210337,1
B4,2053.6063,87.584846,0.205435,1
B4,2054.1063,89.827103,0.206391,1
B4,2054.6063,87.396477,0.209711,1
B4,2055.1063,83.023628,0.214085,1
B4,2055.6063,77.809875,0.218885,1
B4,2056.1063,74.57019,0.219786,1
B4,2056.6063,74.43988,0.219114,1
B4,2057.1063,73.413322,0.221591,2
B4,2057.6063,69.874947,0.225339,2
B4,2058.1063,70.469376,0.220545,2
B4,2058.6063,77.876457,0.212307,2
B4,2059.1063,82.800262,0.211882,2
B4,2059.6063,81.491585,0.214609,2
B4,2060.1063,79.269585,0.215792,2
B4,2060.6063,78.279549,0.216351,2
B4,2061.1063,78.368362,0.215636,2
B4,2061.6063,79.474274,0.214406,2
B4,2062.1063,76.205132,0.219517,2
B4,2062.6063,66.386215,0.227185,2
B4,2063.1063,64.996071,0.220453,2
B4,2063.6063,78.075768,0.207914,2
B4,2064.1063,89.708633,0.203366,2
B4,2064.6063,93.475204,0.202042,2
B4,2065.1063,101.9363,0.18848,2
B4,2065.6063,120.1579,0.169982,2
B4,2066.1063,133.57445,0.164874,2
B4,2066.6063,136.31142,0.165166,2
B4,2067.1063,134.57674,0.167926,2
B4,2067.6063,130.87419,0.171681,2
B4,2068.1063,114.59039,0.194813,2
B4,2068.6063,81.444817,0.225761,1
B4,2069.1063,56.853077,0.236386,1
B4,2069.6063,51.065693,0.238814,1
B4,2070.1063,52.300537,0.239132,1
B4,2070.6063,55.805698,0.238599,1
B4,2071.1063,57.623379,0.236413,1
B4,2071.6063,56.15733,0.233559,1
B4,2072.1063,55.19812,0.246205,1
B4,2072.6063,56.274548,0.265103,1
B4,2073.1063,56.054073,0.260714,1
B4,2073.6063,53.192631,0.246933,1
B4,2074.1063,56.990807,0.231361,1
B4,2074.6063,71.199677,0.215068,1
B4,2075.1063,82.953957,0.209185,1
B4,2075.6063,87.064873,0.207501,1
B4,2076.1063,85.391312,0.21213,1
B4,2076.6063,78.682983,0.219304,1
B4,2077.1063,75.44799,0.217822,1
B4,2077.6063,79.117783,0.212848,1
B4,2078.1063,85.276405,0.206986,1
B4,2078.6063,92.14286,0.200766,3
B4,2079.1063,94.323357,0.203149,3
B4,2079.6063,89.642471,0.209002,3
B4,2080.1063,85.616035,0.210234,3
B4,2080.6063,85.275291,0.209602,3
B4,2081.1063,83.107452,0.214048,3
B4,2081.6063,76.88913,0.220542,3
B4,2082.1063,72.595306,0.221602,3
B4,2082.6063,72.63578,0.220471,3
B4,2083.1063,74.714531,0.217945,3
B4,2083.6063,77.905525,0.214857,3
B4,2084.1063,85.045265,0.205383,2
B4,2084.6063,97.27774,0.193334,2
B4,2085.1063,101.877,0.197291,2
B4,2085.6063,93.71048,0.207703,2
B4,2086.1063,85.280991,0.212122,2
B4,2086.6063,81.631104,0.214124,2
B4,2087.1063,79.319138,0.21619,2
B4,2087.6063,76.957001,0.21828,3
B4,2088.1063,76.209389,0.217505,3
B4,2088.6063,77.747726,0.215574,3
B4,2089.1063,84.53244,0.205568,3
B4,2089.6063,97.757545,0.192305,3
B4,2090.1063,103.03386,0.196284,3
B4,2090.6063,94.558022,0.207218,3
B4,2091.1063,86.585487,0.210312,3
B4,2091.6063,84.865746,0.210244,3
B4,2092.1063,82.939217,0.213701,3
B4,2092.6063,78.200668,0.218581,3
B4,2093.1063,73.02272,0.222811,2
B4,2093.6063,68.362282,0.22678,2
B4,2094.1063,71.757408,0.216838,2
B4,2094.6063,86.248337,0.201285,2
B4,2095.1063,92.923058,0.205094,2
B4,2095.6063,84.154053,0.216713,2
B4,2096.1063,77.158218,0.217403,2
B4,2096.6063,78.879395,0.213685,2
B4,2097.1063,79.230659,0.216785,2
B4,2097.6063,74.143799,0.222635,2
B4,2098.1063,74.323486,0.216469,2
B4,2098.6063,84.087097,0.205456,3
B4,2099.1063,91.598083,0.203253,3
B4,2099.6063,92.082565,0.204604,3
B4,2100.1063,88.479858,0.209592,3
B4,2100.6063,81.975441,0.216048,0
B4,2101.1063,79.230598,0.214422,0
B4,2101.6063,82.931931,0.209536,0
B4,2102.1063,82.483772,0.215211,0
B4,2102.6063,73.612724,0.225144,0
B4,2103.1063,69.061501,0.223218,0
B4,2103.6063,73.96946,0.216508,0
B4,2104.1063,81.575356,0.209836,3
B4,2104.6063,89.15229,0.203178,3
B4,2105.1063,87.641487,0.21213,3
B4,2105.6063,73.389412,0.227379,3
B4,2106.1063,63.519146,0.229202,3
B4,2106.6063,64.936691,0.225612,3
B4,2107.1063,71.384621,0.218515,3
B4,2107.6063,80.339195,0.210004,3
B4,2108.1063,85.550285,0.209347,3
B4,2108.6063,84.497116,0.211857,3
B4,2109.1063,87.081863,0.204799,3
B4,2109.6063,97.298248,0.193882,3
B4,2110.1063,103.62399,0.193669,3
B4,2110.6063,101.41197,0.197774,3
B4,2111.1063,94.225075,0.206314,2
B4,2111.6063,83.500237,0.216643,2
B4,2112.1063,79.081001,0.214089,2
B4,2112.6063,84.937447,0.206339,2
B4,2113.1063,89.956146,0.205259,3
B4,2113.6063,89.6549,0.206869,3
B4,2114.1063,90.150391,0.204388,3
B4,2114.6063,93.909538,0.200256,3
B4,2115.1063,90.771225,0.209909,3
B4,2115.6063,76.637291,0.225123,3
B4,2116.1063,69.547417,0.222384,3
B4,2116.6063,76.777275,0.212403,3
B4,2117.1063,87.639488,0.203272,3
B4,2117.6063,97.823669,0.194485,3
B4,2118.1063,99.268723,0.20073,1
B4,2118.6063,88.72348,0.213038,1
B4,2119.1063,78.407288,0.21888,1
B4,2119.6063,73.248375,0.222114,1
B4,2120.1063,73.747688,0.218002,1
B4,2120.6063,80.107262,0.210926,1
B4,2121.1063,83.56089,0.211926,1
B4,2121.6063,80.573051,0.216183,1
B4,2122.1063,74.389519,0.220069,1
B4,2122.6063,66.319359,0.223805,1
B4,2123.1063,65.900558,0.218598,1
B4,2123.6063,76.979935,0.209784,1
B4,2124.1063,84.541061,0.210238,1
B4,2124.6063,82.527573,0.21443,1
B4,2125.1063,80.926453,0.213055,1
B4,2125.6063,83.765579,0.209435,1
B4,2126.1063,85.077621,0.210747,1
B4,2126.6063,82.455849,0.214048,1
B4,2127.1063,83.692528,0.208572,0
B4,2127.6063,91.930397,0.199555,0
B4,2128.1063,94.826408,0.203476,0
B4,2128.6063,87.402412,0.212616,0
B4,2129.1063,81.900673,0.213156,0
B4,2129.6063,83.258682,0.210227,0
B4,2130.1063,86.470467,0.207505,0
B4,2130.6063,89.517021,0.204866,0
B4,2131.1063,90.101295,0.206477,1
B4,2131.6063,87.296852,0.209801,1
B4,2132.1063,83.893333,0.212465,1
B4,2132.6063,81.015839,0.214864,1
B4,2133.1063,81.125313,0.212273,1
B4,2133.6063,85.214294,0.207669,1
B4,2134.1063,88.187309,0.207042,1
B4,2134.6063,87.989281,0.208017,1
B4,2135.1063,86.081161,0.210399,1
B4,2135.6063,83.052162,0.213347,1
B4,2136.1063,82.84977,0.210755,1
B4,2136.6063,87.066071,0.205929,1
B4,2137.1063,92.214951,0.201696,1
B4,2137.6063,96.890427,0.197703,1
B4,2138.1063,96.653481,0.202113,1
B4,2138.6063,89.713814,0.209912,1
B4,2139.1063,80.908981,0.217604,1
B4,2139.6063,72.190063,0.225253,1
B4,2140.1063,67.881332,0.225185,1
B4,2140.6063,69.726814,0.222006,1
B4,2141.1063,77.666786,0.211215,1
B4,2141.6063,91.677155,0.197355,1
B4,2142.1063,97.034325,0.20179,1
B4,2142.6063,87.800034,0.213603,1
B4,2143.1063,81.139191,0.213509,1
B4,2143.6063,83.97467,0.208614,1
B4,2144.1063,87.420174,0.207447,2
B4,2144.6063,87.891724,0.207784,2
B4,2145.1063,85.993919,0.210786,2
B4,2145.6063,81.970581,0.214863,2
B4,2146.1063,81.275078,0.21201,2
B4,2146.6063,86.106834,0.206362,2
B4,2147.1063,90.636147,0.204041,2
B4,2147.6063,92.511826,0.203062,2
B4,2148.1063,92.650841,0.203796,2
B4,2148.6063,91.423019,0.205222,2
B4,2149.1063,90.515968,0.205392,2
B4,2149.6063,90.610313,0.205056,2
B4,2150.1063,87.468163,0.21092,2
B4,2150.6063,79.380287,0.219286,2
B4,2151.1063,72.839088,0.222429,2
B4,2151.6063,70.463036,0.223467,1
B4,2152.1063,72.993073,0.217978,1
B4,2152.6063,80.728027,0.209857,1
B4,2153.1063,82.703423,0.214502,1
B4,2153.6063,74.497086,0.224295,1
B4,2154.1063,67.542313,0.226738,1
B4,2154.6063,66.450356,0.226217,1
B4,2155.1063,70.265221,0.220027,1
B4,2155.6063,78.601334,0.21155,1
B4,2156.1063,86.63781,0.205887,1
B4,2156.6063,92.43029,0.201359,1
B4,2157.1063,91.56752,0.207405,1
B4,2157.6063,82.270348,0.217716,1
B4,2158.1063,75.456985,0.219393,1
B4,2158.6063,75.530952,0.217586,1
B4,2159.1063,82.472168,0.20718,1
B4,2159.6063,96.272552,0.193306,1
B4,2160.1063,102.696,0.195879,1
B4,2160.6063,96.000854,0.205085,1
B4,2161.1063,91.130486,0.204448,1
B4,2161.6063,94.111771,0.19984,1
B4,2162.1063,98.463669,0.196791,1
B4,2162.6063,101.57227,0.194371,1
B4,2163.1063,100.71709,0.198295,1
B4,2163.6063,94.800903,0.204779,1
B4,2164.1063,86.242828,0.213353,1
B4,2164.6063,76.018539,0.222769,1
B4,2165.1063,71.182457,0.221862,1
B4,2165.6063,74.57975,0.216791,1
B4,2166.1063,80.894592,0.210751,1
B4,2166.6063,87.983025,0.204319,1
B4,2167.1063,90.310783,0.206655,1
B4,2167.6063,85.645782,0.212527,1
B4,2168.1063,78.705154,0.218867,1
B4,2168.6063,71.391396,0.225396,1
B4,2169.1063,66.55629,0.227374,1
B4,2169.6063,65.350021,0.227518,1
B4,2170.1063,66.491196,0.225366,1
B4,2170.6063,69.462997,0.222289,1
B4,2171.1063,72.493744,0.220034,1
B4,2171.6063,74.868912,0.21811,1
B4,2172.1063,74.483971,0.220711,1
B4,2172.6063,70.49012,0.225137,1
B4,2173.1063,72.430847,0.217297,1
B4,2173.6063,84.155182,0.204509,1
B4,2174.1063,92.82354,0.202045,1
B4,2174.6063,93.2575,0.203745,1
B4,2175.1063,92.510674,0.203359,1
B4,2175.6063,93.427887,0.202132,1
B4,2176.1063,92.692574,0.204653,1
B4,2176.6063,88.967117,0.208686,1
B4,2177.1063,84.994492,0.211642,1
B4,2177.6063,81.880981,0.214164,1
B4,2178.1063,83.100044,0.209497,1
B4,2178.6063,90.052589,0.201931,1
B4,2179.1063,95.564957,0.199799,1
B4,2179.6063,96.743866,0.199857,1
B4,2180.1063,94.424812,0.203879,1
B4,2180.6063,88.944771,0.209499,1
B4,2181.1063,83.550201,0.21337,1
B4,2181.6063,79.550468,0.216536,1
B4,2182.1063,76.11721,0.219411,1
B4,2182.6063,72.916328,0.222168,1
B4,2183.1063,73.56218,0.218275,1
B4,2183.6063,79.512505,0.211699,1
B4,2184.1063,84.12999,0.210151,1
B4,2184.6063,84.737724,0.21063,1
B4,2185.1063,82.574287,0.213957,1
B4,2185.6063,78.139221,0.218433,1
B4,2186.1063,78.021683,0.214164,1
B4,2186.6063,84.879166,0.206368,1
B4,2187.1063,88.446159,0.207888,1
B4,2187.6063,84.582397,0.213166,1
B4,2188.1063,78.459885,0.21866,1
B4,2188.6063,72.164558,0.224242,1
B4,2189.1063,70.776382,0.221103,1
B4,2189.6063,76.344177,0.214446,1
B4,2190.1063,84.2201,0.207246,1
B4,2190.6063,92.529602,0.199826,1
B4,2191.1063,99.018394,0.195828,1
B4,2191.6063,102.77728,0.193212,1
B4,2192.1063,100.98357,0.198985,1
B4,2192.6063,92.498856,0.208141,1
B4,2193.1063,86.279427,0.209928,1
B4,2193.6063,85.937492,0.208743,1
B4,2194.1063,85.240974,0.211153,1
B4,2194.6063,81.676376,0.215013,1
B4,2195.1063,80.973114,0.21239,1
B4,2195.6063,85.441956,0.207151,1
B4,2196.1063,89.140648,0.205882,1
B4,2196.6063,89.672577,0.206215,1
B4,2197.1063,86.339577,0.211747,1
B4,2197.6063,78.860062,0.219375,1
B4,2198.1063,77.03936,0.21495,1
B4,2198.6063,84.832123,0.205664,1
B4,2199.1063,90.78669,0.204473,1
B4,2199.6063,90.284447,0.206548,1
B4,2200.1063,89.20063,0.20638,1
B4,2200.6063,89.904846,0.205309,1
B4,2201.1063,89.611046,0.206898,1
B4,2201.6063,87.195564,0.209559,1
B4,2202.1063,85.256622,0.210309,1
B4,2202.6063,84.842117,0.210288,1
B4,2203.1063,82.945808,0.213645,1
B4,2203.6063,78.355225,0.218365,0
B4,2204.1063,76.400864,0.217084,0
B4,2204.6063,79.232613,0.213383,0
B4,2205.1063,81.36496,0.213332,0
B4,2205.6063,80.58551,0.214754,0
B4,2206.1063,76.980888,0.219674,0
B4,2206.6063,70.586014,0.226005,0
B4,2207.1063,73.48436,0.214575,0
B4,2207.6063,90.549377,0.195981,0
B4,2208.1063,101.4156,0.195457,0
B4,2208.6063,97.869316,0.20222,0
B4,2209.1063,88.904198,0.21123,1
B4,2209.6063,78.14753,0.221145,1
B4,2210.1063,71.437698,0.223035,1
B4,2210.6063,71.129433,0.221688,1
B4,2211.1063,72.708214,0.220258,1
B4,2211.6063,74.353256,0.218794,1
B4,2212.1063,79.824165,0.210632,1
B4,2212.6063,90.637222,0.199769,1
B4,2213.1063,100.27787,0.19367,1
B4,2213.6063,106.11869,0.189493,1
B4,2214.1063,103.96547,0.197459,1
B4,2214.6063,92.126617,0.210322,1
B4,2215.1063,81.244881,0.216604,1
B4,2215.6063,75.612617,0.220231,1
B4,2216.1063,75.60994,0.216609,1
B4,2216.6063,81.390121,0.210062,1
B4,2217.1063,91.840691,0.198221,1
B4,2217.6063,106.51298,0.184246,1
B4,2218.1063,111.85151,0.188829,1
B4,2218.6063,102.38915,0.200895,1
B4,2219.1063,91.661308,0.207704,1
B4,2219.6063,85.127045,0.212392,1
B4,2220.1063,85.819489,0.206485,1
B4,2220.6063,94.961967,0.196306,1
B4,2221.1063,100.10866,0.19743,1
B4,2221.6063,96.239967,0.203113,1
B4,2222.1063,91.159309,0.206369,1
B4,2222.6063,88.013931,0.208647,1
B4,2223.1063,85.719475,0.210407,1
B4,2223.6063,83.838577,0.211957,1
B4,2224.1063,84.027245,0.210074,1
B4,2224.6063,86.953346,0.206808,1
B4,2225.1063,89.011833,0.206452,1
B4,2225.6063,88.748749,0.207271,1
B4,2226.1063,86.77282,0.209929,1
B4,2226.6063,83.329567,0.213329,1
B4,2227.1063,80.271027,0.21531,1
B4,2227.6063,78.344147,0.216719,1
B4,2228.1063,77.049576,0.217588,1
B4,2228.6063,76.185936,0.218239,1
B4,2229.1063,78.266121,0.213928,1
B4,2229.6063,84.303619,0.207616,1
B4,2230.1063,90.652359,0.202758,1
B4,2230.6063,95.841805,0.198486,1
B4,2231.1063,95.752838,0.202915,1
B4,2231.6063,88.724174,0.210853,2
B4,2232.1063,85.632233,0.208355,2
B4,2232.6063,90.863647,0.201648,2
B4,2233.1063,97.200874,0.197204,2
B4,2233.6063,101.733,0.193674,2
B4,2234.1063,102.89033,0.195168,2
B4,2234.6063,100.03979,0.198689,2
B4,2235.1063,94.746452,0.204481,2
B4,2235.6063,87.641533,0.21119,2
B4,2236.1063,81.088951,0.21601,2
B4,2236.6063,76.042107,0.220069,2
B4,2237.1063,73.90358,0.219773,2
B4,2237.6063,75.239037,0.21772,2
B4,2238.1063,76.946411,0.216769,2
B4,2238.6063,77.774605,0.216263,2
B4,2239.1063,77.062157,0.218022,2
B4,2239.6063,74.542305,0.220696,0
B4,2240.1063,77.707092,0.212455,0
B4,2240.6063,89.578194,0.19981,0
B4,2241.1063,93.490295,0.205571,0
B4,2241.6063,82.722038,0.21163,2
B4,2242.1063,76.102379,0.207218,2
B4,2242.6063,81.225334,0.199742,2
B4,2243.1063,85.552902,0.199604,2
B4,2243.6063,84.028313,0.202424,2
B4,2244.1063,81.827171,0.203476,2
B4,2244.6063,81.036896,0.203815,2
B4,2245.1063,78.873016,0.207284,2
B4,2245.6063,74.212524,0.212015,2
B4,2246.1063,73.485512,0.208563,2
B4,2246.6063,79.285316,0.201811,2
B4,2247.1063,84.738586,0.198968,2
B4,2247.6063,87.073196,0.197703,2
B4,2248.1063,84.264259,0.20391,2
B4,2248.6063,75.49511,0.213132,2
B4,2249.1063,72.480087,0.209215,1
B4,2249.6063,79.943787,0.2,1
B4,2250.1063,86.922653,0.196936,1
B4,2250.6063,88.994911,0.196353,1
B4,2251.1063,87.343452,0.199842,1
B4,2251.6063,82.445335,0.204972,1
B4,2252.1063,81.495621,0.201513,1
B4,2252.6063,87.396179,0.194591,1
B4,2253.1063,91.297989,0.194648,1
B4,2253.6063,89.632095,0.197521,1
B4,2254.1063,84.281113,0.204063,1
B4,2254.6063,76.004311,0.212084,1
B4,2255.1063,70.191689,0.21429,1
B4,2255.6063,69.01712,0.21415,1
B4,2256.1063,71.410156,0.210079,1
B4,2256.6063,76.939072,0.204423,1
B4,2257.1063,80.824371,0.203243,0
B4,2257.6063,81.138412,0.20387,0
B4,2258.1063,83.121887,0.199753,0
B4,2258.6063,88.888435,0.193724,0
B4,2259.1063,94.076981,0.190625,0
B4,2259.6063,96.928604,0.188707,0
B4,2260.1063,93.638931,0.196413,0
B4,2260.6063,82.673592,0.208,1
B4,2261.1063,76.518608,0.207242,1
B4,2261.6063,80.209785,0.201505,1
B4,2262.1063,85.832367,0.197349,1
B4,2262.6063,90.194183,0.193831,1
B4,2263.1063,91.736778,0.194635,1
B4,2263.6063,89.831581,0.197183,1
B4,2264.1063,90.265846,0.193871,1
B4,2264.6063,95.373672,0.188196,1
B4,2265.1063,94.322227,0.195721,1
B4,2265.6063,82.742485,0.20857,1
B4,2266.1063,76.8283,0.206127,1
B4,2266.6063,83.110924,0.197516,1
B4,2267.1063,88.09507,0.197357,1
B4,2267.6063,86.337875,0.200608,1
B4,2268.1063,88.421387,0.193692,1
B4,2268.6063,98.613503,0.182675,1
B4,2269.1063,103.86588,0.18445,1
B4,2269.6063,98.915932,0.191384,1
B4,2270.1063,91.582481,0.197353,1
B4,2270.6063,85.018967,0.202932,1
B4,2271.1063,86.864334,0.194106,1
B4,2271.6063,100.19948,0.17947,1
B4,2272.1063,108.20562,0.18002,1
B4,2272.6063,104.09945,0.186695,1
B4,2273.1063,96.206573,0.193907,1
B4,2273.6063,87.884819,0.201336,1
B4,2274.1063,83.090996,0.202341,1
B4,2274.6063,83.420921,0.200756,1
B4,2275.1063,85.386459,0.198883,1
B4,2275.6063,87.580788,0.196895,1
B4,2276.1063,88.475571,0.197309,1
B4,2276.6063,87.454369,0.198692,1
B4,2277.1063,84.908501,0.201788,1
B4,2277.6063,80.995789,0.205575,1
B4,2278.1063,78.144531,0.206804,1
B4,2278.6063,77.334106,0.207001,1
B4,2279.1063,73.958443,0.221073,1
B4,2279.6063,66.159813,0.240741,1
B4,2280.1063,65.395058,0.229138,0
B4,2280.6063,76.284889,0.204923,0
B4,2281.1063,84.429214,0.19976,0
B4,2281.6063,84.020241,0.202282,0
B4,2282.1063,81.719727,0.203808,0
B4,2282.6063,80.214447,0.204931,0
B4,2283.1063,81.688461,0.201215,0
B4,2283.6063,87.022621,0.195546,0
B4,2284.1063,88.056465,0.199395,1
B4,2284.6063,81.498756,0.207083,1
B4,2285.1063,78.188866,0.205219,1
B4,2285.6063,82.498505,0.199501,1
B4,2286.1063,88.384048,0.194864,1
B4,2286.6063,93.408012,0.190662,1
B4,2287.1063,89.846634,0.19823,1
B4,2287.6063,74.584808,0.210545,1
B4,2288.1063,65.08149,0.212611,1
B4,2288.6063,68.378181,0.210544,1
B4,2289.1063,74.882988,0.206405,1
B4,2289.6063,80.727356,0.201431,1
B4,2290.1063,83.946114,0.200742,1
B4,2290.6063,83.746681,0.201782,1
B4,2291.1063,87.325005,0.194447,1
B4,2291.6063,97.583321,0.183733,1
B4,2292.1063,103.67924,0.183721,1
B4,2292.6063,101.23987,0.188025,1
B4,2293.1063,94.204758,0.196099,1
B4,2293.6063,84.162788,0.205694,1
B4,2294.1063,82.394516,0.19921,1
B4,2294.6063,93.449547,0.186243,1
B4,2295.1063,99.143715,0.189192,1
B4,2295.6063,92.143066,0.19856,1
B4,2296.1063,87.813805,0.196809,1
B4,2296.6063,92.353371,0.190573,1
B4,2297.1063,95.240028,0.19173,1
B4,2297.6063,92.230225,0.195869,1
B4,2298.1063,89.200729,0.19706,1
B4,2298.6063,88.521713,0.197063,1
B4,2299.1063,86.00238,0.201492,1
B4,2299.6063,79.952507,0.207707,1
B4,2300.1063,80.850433,0.199912,1
B4,2300.6063,92.922234,0.186468,1
B4,2301.1063,97.474258,0.191904,1
B4,2301.6063,86.967079,0.204954,1
B4,2302.1063,81.56263,0.201412,1
B4,2302.6063,89.39254,0.191178,0
B4,2303.1063,94.462334,0.192493,0
B4,2303.6063,90.321159,0.198465,0
B4,2304.1063,87.378777,0.197669,0
B4,2304.6063,89.833588,0.194145,0
B4,2305.1063,89.194221,0.198794,0
B4,2305.6063,82.035973,0.206739,0
B4,2306.1063,78.443283,0.205115,0
B4,2306.6063,82.48336,0.199631,1
B4,2307.1063,87.59903,0.196115,1
B4,2307.6063,91.145645,0.193392,1
B4,2308.1063,91.893326,0.1948,1
B4,2308.6063,89.346024,0.197874,1
B4,2309.1063,85.044746,0.202367,1
B4,2309.6063,79.610985,0.207434,1
B4,2310.1063,78.323402,0.204633,1
B4,2310.6063,83.310944,0.198658,1
B4,2311.1063,87.379562,0.197474,1
B4,2311.6063,87.627785,0.198221,1
B4,2312.1063,85.650108,0.200953,1
B4,2312.6063,82.089638,0.204486,1
B4,2313.1063,82.497871,0.200235,1
B4,2313.6063,89.113846,0.192846,1
B4,2314.1063,91.574074,0.195907,1
B4,2314.6063,85.698814,0.203183,1
B4,2315.1063,82.325874,0.201841,1
B4,2315.6063,85.82634,0.197024,1
B4,2316.1063,89.96418,0.19456,1
B4,2316.6063,92.224342,0.193047,1
B4,2317.1063,91.515015,0.195809,1
B4,2317.6063,87.395866,0.200295,1
B4,2318.1063,84.645042,0.200649,1
B4,2318.6063,85.189651,0.199336,1
B4,2319.1063,87.336952,0.19687,1
B4,2319.6063,90.404243,0.193939,1
B4,2320.1063,92.948769,0.192394,1
B4,2320.6063,94.388641,0.191407,1
B4,2321.1063,92.077835,0.19646,1
B4,2321.6063,84.949173,0.203949,1
B4,2322.1063,79.885956,0.205368,1
B4,2322.6063,79.664322,0.204339,1
B4,2323.1063,78.88237,0.206744,1
B4,2323.6063,75.361427,0.210534,1
B4,2324.1063,73.758224,0.209565,1
B4,2324.6063,75.950912,0.206676,1
B4,2325.1063,78.527306,0.205032,1
B4,2325.6063,80.111214,0.203889,1
B4,2326.1063,84.282211,0.197693,1
B4,2326.6063,92.483994,0.189459,1
B4,2327.1063,98.90181,0.186401,1
B4,2327.6063,101.19049,0.185432,1
B4,2328.1063,99.875748,0.188714,0
B4,2328.6063,95.169617,0.193712,0
B4,2329.1063,92.793365,0.192895,0
B4,2329.6063,95.054482,0.189734,1
B4,2330.1063,94.766869,0.193401,1
B4,2330.6063,89.032234,0.199823,1
B4,2331.1063,84.565315,0.201261,1
B4,2331.6063,84.074257,0.200688,1
B4,2332.1063,82.792206,0.203517,1
B4,2332.6063,78.796616,0.207718,1
B4,2333.1063,77.905502,0.205084,1
B4,2333.6063,82.465378,0.199694,1
B4,2334.1063,83.921867,0.202521,1
B4,2334.6063,78.824867,0.208662,1
B4,2335.1063,79.886658,0.200653,1
B4,2335.6063,92.234299,0.186938,1
B4,2336.1063,100.10363,0.186808,1
B4,2336.6063,97.136726,0.192158,1
B4,2337.1063,95.341103,0.189967,1
B4,2337.6063,99.55957,0.184736,1
B4,2338.1063,100.12011,0.188981,1
B4,2338.6063,93.121841,0.197048,1
B4,2339.1063,88.007057,0.19798,1
B4,2339.6063,88.584007,0.196033,1
B4,2340.1063,89.973801,0.195535,1
B4,2340.6063,90.208717,0.19562,1
B4,2341.1063,87.194214,0.200838,1
B4,2341.6063,80.085518,0.208127,1
B4,2342.1063,74.265678,0.211078,1
B4,2342.6063,71.905762,0.21228,1
B4,2343.1063,70.626457,0.213329,1
B4,2343.6063,69.468163,0.214317,1
B4,2344.1063,73.447456,0.206327,1
B4,2344.6063,84.587601,0.194717,1
B4,2345.1063,91.373199,0.194389,1
B4,2345.6063,89.159935,0.198611,1
B4,2346.1063,88.767471,0.195079,1
B4,2346.6063,94.559547,0.18842,1
B4,2347.1063,92.2351,0.210077,0
B4,2347.6063,76.02626,0.243154,0
B4,2348.1063,66.10537,0.236331,0
B4,2348.6063,70.608238,0.213416,0
B4,2349.1063,75.959274,0.20721,0
B4,2349.6063,76.683205,0.207743,0
B4,2350.1063,82.196526,0.197509,0
B4,2350.6063,96.297043,0.182933,0
B4,2351.1063,103.39323,0.185023,0
B4,2351.6063,97.19677,0.193835,0
B4,2352.1063,88.578293,0.200187,0
B4,2352.6063,81.922096,0.205547,0
B4,2353.1063,78.163445,0.206801,1
B4,2353.6063,77.679543,0.206399,1
B4,2354.1063,80.880096,0.20117,1
B4,2354.6063,87.930344,0.193994,1
B4,2355.1063,93.776772,0.190883,1
B4,2355.6063,96.38121,0.189412,1
B4,2356.1063,94.669151,0.193896,1
B4,2356.6063,88.20726,0.200781,1
B4,2357.1063,85.859489,0.198026,1
B4,2357.6063,91.200829,0.191383,1
B4,2358.1063,98.248497,0.185626,1
B4,2358.6063,104.58954,0.180227,1
B4,2359.1063,105.51218,0.184003,1
B4,2359.6063,99.116074,0.19148,1
B4,2360.1063,91.547302,0.19732,1
B4,2360.6063,85.284676,0.202499,1
B4,2361.1063,83.515884,0.200431,1
B4,2361.6063,87.526611,0.195442,1
B4,2362.1063,89.328941,0.19726,1
B4,2362.6063,85.701233,0.201824,1
B4,2363.1063,81.652145,0.204384,1
B4,2363.6063,79.201736,0.206136,1
B4,2364.1063,82.074562,0.19933,1
B4,2364.6063,91.772797,0.189073,1
B4,2365.1063,96.042603,0.191818,1
B4,2365.6063,89.941833,0.199807,1
B4,2366.1063,86.34317,0.19815,1
B4,2366.6063,90.438362,0.192601,1
B4,2367.1063,94.057182,0.191782,1
B4,2367.6063,93.904442,0.19287,1
B4,2368.1063,89.509995,0.199514,1
B4,2368.6063,80.684235,0.208399,1
B4,2369.1063,74.784134,0.209895,1
B4,2369.6063,74.776886,0.208411,1
B4,2370.1063,75.973969,0.207789,1
B4,2370.6063,76.484428,0.207513,1
B4,2371.1063,78.770638,0.203766,1
B4,2371.6063,83.825722,0.198619,1
B4,2372.1063,87.124626,0.197962,1
B4,2372.6063,86.842331,0.199115,1
B4,2373.1063,84.699104,0.201733,1
B4,2373.6063,81.388771,0.20494,1
B4,2374.1063,77.477676,0.208614,1
B4,2374.6063,73.194244,0.212476,1
B4,2375.1063,73.692688,0.207737,1
B4,2375.6063,81.051781,0.199528,1
B4,2376.1063,89.176323,0.193442,1
B4,2376.6063,95.60804,0.188212,1
B4,2377.1063,93.395203,0.197336,1
B4,2377.6063,79.734062,0.212248,1
B4,2378.1063,70.43589,0.213695,1
B4,2378.6063,71.877625,0.209712,1
B4,2379.1063,75.29969,0.207674,1
B4,2379.6063,77.169205,0.206422,1
B4,2380.1063,78.741936,0.204907,1
B4,2380.6063,80.524361,0.203286,1
B4,2381.1063,83.679352,0.199356,1
B4,2381.6063,88.675896,0.194495,1
B4,2382.1063,88.62085,0.199453,1
B4,2382.6063,80.7341,0.208371,1
B4,2383.1063,77.028542,0.205973,1
B4,2383.6063,82.349152,0.19901,1
B4,2384.1063,89.803047,0.192858,1
B4,2384.6063,96.610199,0.187033,1
B4,2385.1063,95.777252,0.194323,1
B4,2385.6063,84.483673,0.206903,1
B4,2386.1063,78.127266,0.205507,1
B4,2386.6063,82.918205,0.198474,1
B4,2387.1063,87.860352,0.196812,1
B4,2387.6063,88.518791,0.197316,1
B4,2388.1063,87.851707,0.197986,1
B4,2388.6063,87.052155,0.198722,0
B4,2389.1063,86.015266,0.19981,0
B4,2389.6063,84.698738,0.136905,0
B4,2390.1063,81.865379,0.114795,0
B4,2390.6063,77.016197,0.119571,0
B4,2391.1063,74.842781,0.118619,0
B4,2391.6063,77.237289,0.115357,0
B4,2392.1063,79.359863,0.114884,0
B4,2392.6063,79.258514,0.115536,0
B4,2393.1063,80.001656,0.113577,0
B4,2393.6063,82.826836,0.110566,0
B4,2394.1063,84.267906,0.111042,0
B4,2394.6063,82.926941,0.112925,0
B4,2395.1063,85.658501,0.106236,0
B4,2395.6063,95.227158,0.096089,0
B4,2396.1063,98.295769,0.100837,0
B4,2396.6063,89.485252,0.111591,0
B4,2397.1063,84.688072,0.109277,0
B4,2397.6063,90.313904,0.101693,0
B4,2398.1063,96.431168,0.098514,0
B4,2398.6063,99.034309,0.097113,0
B4,2399.1063,99.217194,0.098193,0
B4,2399.6063,97.420975,0.100273,0
B4,2400.1063,93.839905,0.104493,0
B4,2400.6063,88.552322,0.109576,0
B4,2401.1063,82.00573,0.116011,0
B4,2401.6063,74.380592,0.122992,0
B4,2402.1063,70.321526,0.123153,0
B4,2402.6063,71.701775,0.120563,0
B4,2403.1063,75.194,0.117009,0
B4,2403.6063,79.456261,0.113065,0
B4,2404.1063,78.952164,0.117896,0
B4,2404.6063,71.448807,0.126266,0
B4,2405.1063,72.516579,0.116017,0
B4,2405.6063,88.435265,0.098258,0
B4,2406.1063,97.467918,0.100124,0
B4,2406.6063,90.847672,0.109906,0
B4,2407.1063,82.673492,0.114506,0
B4,2407.6063,78.631721,0.117017,0
B4,2408.1063,77.233093,0.116967,0
B4,2408.6063,77.876984,0.115884,0
B4,2409.1063,79.540054,0.114041,0
B4,2409.6063,81.809586,0.111891,0
B4,2410.1063,81.841362,0.113985,0
B4,2410.6063,78.488258,0.11779,0
B4,2411.1063,75.598953,0.119069,0
B4,2411.6063,74.725677,0.119328,0
B4,2412.1063,73.692101,0.120887,0
B4,2412.6063,71.620499,0.122972,0
B4,2413.1063,75.372375,0.114286,0
B4,2413.6063,87.71508,0.101256,0
B4,2414.1063,96.010078,0.099692,0
B4,2414.6063,95.160042,0.102752,0
B4,2415.1063,91.88475,0.105454,0
B4,2415.6063,88.894402,0.108013,0
B4,2416.1063,86.678345,0.109353,0
B4,2416.6063,85.433929,0.110202,0
B4,2417.1063,84.849174,0.110382,0
B4,2417.6063,84.798279,0.110292,0
B4,2418.1063,82.642441,0.114175,0
B4,2418.6063,77.31739,0.119661,0
B4,2419.1063,74.995033,0.118261,0
B4,2419.6063,78.164589,0.114084,0
B4,2420.1063,81.769051,0.111919,0
B4,2420.6063,83.768867,0.110566,0
B4,2421.1063,83.371307,0.112619,0
B4,2421.6063,80.25666,0.116046,0
B4,2422.1063,77.432472,0.117588,0
B4,2422.6063,76.111717,0.118369,0
B4,2423.1063,76.970444,0.116077,0
B4,2423.6063,80.281288,0.112544,0
B4,2424.1063,81.954475,0.113133,0
B4,2424.6063,80.340508,0.115384,0
B4,2425.1063,79.328445,0.114914,0
B4,2425.6063,80.486801,0.113346,0
B4,2426.1063,80.002884,0.115765,0
B4,2426.6063,76.338974,0.119792,0
B4,2427.1063,73.158943,0.12136,0
B4,2427.6063,71.940491,0.121936,0
B4,2428.1063,76.152023,0.113951,0
B4,2428.6063,87.192413,0.102512,0
B4,2429.1063,95.780991,0.09884,0
B4,2429.6063,98.174744,0.0983,0
B4,2430.1063,95.701569,0.103191,0
B4,2430.6063,88.897041,0.110272,0
B4,2431.1063,86.256035,0.107837,0
B4,2431.6063,91.204681,0.101565,0
B4,2432.1063,92.996948,0.104684,0
B4,2432.6063,87.298798,0.11159,0
B4,2433.1063,84.253891,0.110041,0
B4,2433.6063,87.953323,0.105081,0
B4,2434.1063,89.575188,0.107188,0
B4,2434.6063,85.561501,0.112144,0
B4,2435.1063,84.255821,0.109485,0
B4,2435.6063,89.023277,0.103756,0
B4,2436.1063,90.179176,0.107451,0
B4,2436.6063,83.817535,0.114948,0
B4,2437.1063,80.734711,0.112875,0
B4,2437.6063,85.285042,0.106942,0
B4,2438.1063,88.297958,0.107574,0
B4,2438.6063,86.074829,0.110853,0
B4,2439.1063,84.161453,0.110941,0
B4,2439.6063,84.794556,0.10974,0
B4,2440.1063,83.644882,0.112964,0
B4,2440.6063,78.966385,0.117972,0
B4,2441.1063,74.20932,0.121333,0
B4,2441.6063,70.765228,0.124031,0
B4,2442.1063,69.293343,0.123923,0
B4,2442.6063,70.05954,0.122683,0
B4,2443.1063,74.906319,0.115396,0
B4,2443.6063,84.576775,0.105669,0
B4,2444.1063,91.591454,0.103054,0
B4,2444.6063,92.933746,0.103307,0
B4,2445.1063,90.809814,0.106791,0
B4,2445.6063,86.109428,0.111577,0
B4,2446.1063,81.114464,0.115578,0
B4,2446.6063,76.745216,0.119264,0
B4,2447.1063,76.835754,0.115419,0
B4,2447.6063,82.932426,0.108538,0
B4,2448.1063,85.953796,0.110104,0
B4,2448.6063,82.237183,0.115077,0
B4,2449.1063,77.454437,0.118518,0
B4,2449.6063,73.89312,0.121342,0
B4,2450.1063,72.404823,0.121137,0
B4,2450.6063,73.333031,0.119709,0
B4,2451.1063,78.818871,0.111485,0
B4,2451.6063,89.725914,0.10052,0
B4,2452.1063,95.525269,0.101282,0
B4,2452.6063,91.970474,0.106774,0
B4,2453.1063,84.780937,0.113931,0
B4,2453.6063,76.263382,0.12176,0
B4,2454.1063,70.803802,0.123537,0
B4,2454.6063,70.17115,0.122873,0
B4,2455.1063,73.437592,0.11779,0
B4,2455.6063,80.228912,0.110924,0
B4,2456.1063,86.360306,0.107002,0
B4,2456.6063,90.143974,0.104267,0
B4,2457.1063,93.739204,0.100676,0
B4,2457.6063,98.016861,0.09674,0
B4,2458.1063,98.002754,0.100701,0
B4,2458.6063,91.69072,0.107846,0
B4,2459.1063,86.595108,0.109667,0
B4,2459.6063,85.746574,0.109339,0
B4,2460.1063,87.933311,0.105819,0
B4,2460.6063,92.66658,0.101011,0
B4,2461.1063,95.713882,0.100457,0
B4,2461.6063,95.368195,0.101619,0
B4,2462.1063,92.949554,0.104713,0
B4,2462.6063,88.990356,0.108585,0
B4,2463.1063,83.448563,0.114463,0
B4,2463.6063,76.30722,0.12115,0
B4,2464.1063,74.88755,0.116961,0
B4,2464.6063,82.142342,0.108386,0
B4,2465.1063,87.998604,0.106657,0
B4,2465.6063,88.393761,0.10769,0
B4,2466.1063,87.706917,0.107866,0
B4,2466.6063,87.704208,0.107695,0
B4,2467.1063,88.072945,0.107217,0
B4,2467.6063,88.687035,0.106615,0
B4,2468.1063,87.024551,0.110142,0
B4,2468.6063,82.068398,0.115335,0
B4,2469.1063,79.520836,0.114624,0
B4,2469.6063,81.681686,0.111533,0
B4,2470.1063,81.918694,0.114207,0
B4,2470.6063,77.556938,0.119207,0
B4,2471.1063,75.55304,0.117733,0
B4,2471.6063,78.712708,0.113648,0
B4,2472.1063,79.586166,0.116196,0
B4,2472.6063,75.1688,0.12142,0
B4,2473.1063,71.054016,0.123436,0
B4,2473.6063,69.497742,0.124158,0
B4,2474.1063,71.18882,0.120461,0
B4,2474.6063,76.405075,0.114981,0
B4,2475.1063,80.431908,0.113376,0
B4,2475.6063,81.367828,0.113334,0
B4,2476.1063,85.321442,0.10642,0
B4,2476.6063,94.756416,0.096734,0
B4,2477.1063,99.627609,0.097849,0
B4,2477.6063,95.883636,0.10332,0
B4,2478.1063,93.755775,0.101593,0
B4,2478.6063,97.370445,0.096961,0
B4,2479.1063,101.31025,0.094661,0
B4,2479.6063,103.39026,0.093302,0
B4,2480.1063,104.78307,0.092211,0
B4,2480.6063,105.96161,0.091228,0
B4,2481.1063,101.11821,0.100732,0
B4,2481.6063,87.910583,0.114466,0
B4,2482.1063,78.556236,0.117191,0
B4,2482.6063,77.982674,0.115475,0
B4,2483.1063,80.282127,0.113145,0
B4,2483.6063,83.071899,0.110567,0
B4,2484.1063,87.528023,0.105305,0
B4,2484.6063,94.124802,0.09896,0
B4,2485.1063,96.856995,0.100498,0
B4,2485.6063,93.302582,0.105214,0
B4,2486.1063,87.08744,0.111432,0
B4,2486.6063,79.67395,0.118257,0
B4,2487.1063,78.226639,0.113979,0
B4,2487.6063,85.635048,0.105223,0
B4,2488.1063,90.807487,0.104878,0
B4,2488.6063,89.270515,0.107927,0
B4,2489.1063,87.856369,0.107366,0
B4,2489.6063,89.32061,0.10535,0
B4,2490.1063,87.688538,0.110238,0
B4,2490.6063,80.550476,0.117909,0
B4,2491.1063,75.375443,0.119343,0
B4,2491.6063,75.175835,0.118261,0
B4,2492.1063,77.093964,0.115969,0
B4,2492.6063,79.977318,0.113188,0
B4,2493.1063,82.372398,0.111754,0
B4,2493.6063,83.692986,0.110864,0
B4,2494.1063,87.049355,0.105849,0
B4,2494.6063,93.695915,0.09917,0
B4,2495.1063,92.220001,0.108446,0
B4,2495.6063,78.018707,0.124156,0
B4,2496.1063,75.46386,0.11294,0
B4,2496.6063,94.384979,0.090865,0
B4,2497.1063,104.41964,0.095285,0
B4,2497.6063,93.322166,0.110391,0
B4,2498.1063,80.941055,0.117069,0
B4,2498.6063,75.281487,0.120348,0
B4,2499.1063,75.267632,0.117093,0
B4,2499.6063,80.465553,0.111203,0
B4,2500.1063,85.407867,0.108398,0
B4,2500.6063,87.889465,0.106837,0
B4,2501.1063,86.659615,0.110562,0
B4,2501.6063,81.213875,0.116419,0
B4,2502.1063,76.313667,0.119184,0
B4,2502.6063,73.879356,0.120702,0
B4,2503.1063,77.556091,0.112715,0
B4,2503.6063,88.814026,0.100894,0
B4,2504.1063,94.281609,0.103095,0
B4,2504.6063,88.565887,0.11095,0
B4,2505.1063,81.639435,0.115281,0
B4,2505.6063,77.524338,0.118191,0
B4,2506.1063,76.683556,0.116761,0
B4,2506.6063,79.303795,0.11358,0
B4,2507.1063,83.050781,0.110168,0
B4,2507.6063,86.983063,0.106662,0
B4,2508.1063,91.177483,0.102788,0
B4,2508.6063,95.665054,0.098766,0
B4,2509.1063,98.651443,0.097534,0
B4,2509.6063,99.412971,0.097427,0
B4,2510.1063,94.784111,0.105678,0
B4,2510.6063,83.488152,0.117301,0
B4,2511.1063,79.567818,0.112575,0
B4,2511.6063,88.686752,0.101257,0
B4,2512.1063,93.107086,0.104799,0
B4,2512.6063,85.67485,0.114334,0
B4,2513.1063,79.919044,0.114926,0
B4,2513.6063,81.296135,0.111911,0
B4,2514.1063,85.362244,0.107771,0
B4,2514.6063,90.325096,0.103179,0
B4,2515.1063,93.68763,0.101855,0
B4,2515.6063,94.442734,0.10185,0
B4,2516.1063,92.556679,0.105174,0
B4,2516.6063,88.015869,0.109839,0
B4,2517.1063,82.176582,0.115447,0
B4,2517.6063,75.585815,0.121435,0
B4,2518.1063,73.015053,0.11997,0
B4,2518.6063,76.388702,0.1155,0
B4,2519.1063,79.768753,0.114024,0
B4,2519.6063,80.760323,0.113755,0
B4,2520.1063,82.827042,0.110387,0
B4,2520.6063,87.36586,0.105769,0
B4,2521.1063,88.422676,0.108528,0
B4,2521.6063,83.596123,0.114261,0
B4,2522.1063,81.451286,0.112301,0
B4,2522.6063,85.442635,0.107239,0
B4,2523.1063,89.232803,0.105633,0
B4,2523.6063,90.265839,0.105421,0
B4,2524.1063,92.346008,0.101973,0
B4,2524.6063,97.007607,0.097219,0
B4,2525.1063,96.610245,0.102672,0
B4,2525.6063,88.072418,0.112241,0
B4,2526.1063,83.078506,0.111458,0
B4,2526.6063,86.340988,0.106501,0
B4,2527.1063,90.35685,0.104393,0
B4,2527.6063,92.099998,0.103434,0
B4,2528.1063,93.081711,0.102666,0
B4,2528.6063,93.911491,0.101974,0
B4,2529.1063,90.952621,0.107871,0
B4,2529.6063,82.738373,0.116426,0
B4,2530.1063,80.372795,0.112033,0
B4,2530.6063,88.334343,0.102418,0
B4,2531.1063,94.045082,0.101986,0
B4,2531.6063,92.432137,0.105257,0
B4,2532.1063,89.400398,0.10732,0
B4,2532.6063,87.331429,0.108897,0
B4,2533.1063,82.894699,0.115126,0
B4,2533.6063,74.746964,0.123232,0
B4,2534.1063,72.206352,0.119596,0
B4,2534.6063,79.031029,0.111225,0
B4,2535.1063,84.108444,0.110663,0
B4,2535.6063,82.956741,0.113251,0
B4,2536.1063,81.257553,0.113653,0
B4,2536.6063,81.302361,0.113172,0
B4,2537.1063,83.427414,0.109914,0
B4,2537.6063,87.768349,0.105535,0
B4,2538.1063,87.458679,0.110458,0
B4,2538.6063,79.729073,0.119134,0
B4,2539.1063,77.454895,0.11446,0
B4,2539.6063,85.828979,0.104401,0
B4,2540.1063,88.625069,0.10954,0
B4,2540.6063,79.298859,0.120809,0
B4,2541.1063,71.834213,0.122673,0
B4,2541.6063,71.871071,0.120744,0
B4,2542.1063,78.465981,0.11107,0
B4,2542.6063,91.238457,0.098272,0
B4,2543.1063,95.488678,0.103592,0
B4,2543.6063,85.287987,0.11622,0
B4,2544.1063,75.480804,0.120848,0
B4,2544.6063,72.054131,0.122249,0
B4,2545.1063,74.252968,0.116979,0
B4,2545.6063,81.772804,0.109018,0
B4,2546.1063,88.112297,0.105825,0
B4,2546.6063,90.649353,0.104554,0
B4,2547.1063,90.603416,0.105906,0
B4,2547.6063,88.466309,0.108315,0
B4,2548.1063,84.994987,0.112013,0
B4,2548.6063,80.494759,0.116232,0
B4,2549.1063,79.850342,0.113147,0
B4,2549.6063,85.031845,0.107115,0
B4,2550.1063,87.502853,0.108799,0
B4,2550.6063,83.820496,0.113595,0
B4,2551.1063,81.528564,0.112832,0
B4,2551.6063,83.669586,0.109828,0
B4,2552.1063,85.925812,0.108862,0
B4,2552.6063,86.55584,0.108719,0
B4,2553.1063,87.611343,0.107005,0
B4,2553.6063,89.919807,0.104658,0
B4,2554.1063,87.418053,0.111407,0
B4,2554.6063,77.660667,0.121825,0
B4,2555.1063,71.973984,0.121412,0
B4,2555.6063,74.926064,0.116631,0
B4,2556.1063,77.698746,0.116534,0
B4,2556.6063,76.735512,0.118326,0
B4,2557.1063,78.281616,0.113814,0
B4,2557.6063,84.855888,0.106759,0
B4,2558.1063,88.583878,0.107254,0
B4,2558.6063,86.289696,0.110795,0
B4,2559.1063,86.038429,0.107697,0
B4,2559.6063,91.082848,0.10192,0
B4,2560.1063,92.538338,0.105136,0
B4,2560.6063,86.821594,0.111978,0
B4,2561.1063,82.090034,0.113461,0
B4,2561.6063,81.633675,0.112781,0
B4,2562.1063,83.977119,0.109338,0
B4,2562.6063,88.525337,0.104779,0
B4,2563.1063,87.128563,0.111795,0
B4,2563.6063,76.499847,0.123479,0
B4,2564.1063,75.245735,0.114001,0
B4,2564.6063,90.870522,0.095989,0
B4,2565.1063,101.68653,0.094972,0
B4,2565.6063,98.946793,0.100809,0
B4,2566.1063,93.999428,0.103676,0
B4,2566.6063,91.421295,0.105345,0
B4,2567.1063,88.546448,0.108734,0
B4,2567.6063,84.299637,0.112817,0
B4,2568.1063,84.708298,0.108015,0
B4,2568.6063,92.203384,0.09963,0
B4,2569.1063,93.742638,0.105307,0
B4,2569.6063,84.065926,0.116655,0
B4,2570.1063,77.052406,0.117647,0
B4,2570.6063,78.299751,0.114461,0
B4,2571.1063,82.615349,0.110054,0
B4,2571.6063,87.904938,0.105154,0
B4,2572.1063,91.295937,0.104087,0
B4,2572.6063,91.629807,0.104566,0
B4,2573.1063,89.43148,0.107955,0
B4,2573.6063,84.912682,0.112517,0
B4,2574.1063,81.245934,0.114407,0
B4,2574.6063,79.710747,0.115219,0
B4,2575.1063,77.427757,0.118424,0
B4,2575.6063,73.235672,0.122594,0
B4,2576.1063,72.735382,0.119304,0
B4,2576.6063,78.185822,0.113004,0
B4,2577.1063,85.728043,0.106034,0
B4,2577.6063,93.805672,0.098792,0
B4,2578.1063,95.215286,0.103553,0
B4,2578.6063,87.051636,0.113155,0
B4,2579.1063,82.608971,0.11137,0
B4,2579.6063,87.249054,0.104992,0
B4,2580.1063,90.016045,0.106502,0
B4,2580.6063,86.491287,0.111194,0
B4,2581.1063,83.731094,0.111358,0
B4,2581.6063,84.58139,0.109697,0
B4,2582.1063,85.241096,0.110197,0
B4,2582.6063,84.177216,0.111569,0
B4,2583.1063,87.791267,0.103839,0
B4,2583.6063,98.665085,0.092438,0
B4,2584.1063,106.05009,0.090846,0
B4,2584.6063,105.61119,0.09321,0
B4,2585.1063,103.41932,0.094702,0
B4,2585.6063,101.92293,0.095842,0
B4,2586.1063,98.990929,0.099861,0
B4,2586.6063,93.763786,0.10504,0
B4,2587.1063,90.717926,0.10522,0
B4,2587.6063,91.65873,0.103384,0
B4,2588.1063,92.448891,0.103829,0
B4,2588.6063,91.419792,0.105195,0
B4,2589.1063,89.42067,0.107347,0
B4,2589.6063,86.794022,0.109816,0
B4,2590.1063,83.713081,0.112767,0
B4,2590.6063,80.247719,0.115913,0
B4,2591.1063,76.818222,0.118801,0
B4,2591.6063,73.594109,0.121586,0
B4,2592.1063,71.164558,0.123076,0
B4,2592.6063,69.767189,0.124044,0
B4,2593.1063,69.499092,0.123547,0
B4,2593.6063,70.399429,0.12246,0
B4,2594.1063,75.487389,0.114596,0
B4,2594.6063,85.980652,0.103998,0
B4,2595.1063,86.715706,0.108507,0
B4,2595.6063,71.576866,0.119109,0
B4,2596.1063,64.94812,0.116302,0
B4,2596.6063,76.663902,0.108086,0
B4,2597.1063,84.935448,0.110412,0
B4,2597.6063,80.974976,0.116989,0
B4,2598.1063,77.752464,0.116082,0
B4,2598.6063,80.498909,0.112156,0
B4,2599.1063,85.203148,0.107805,0
B4,2599.6063,90.247414,0.103281,0
B4,2600.1063,91.642876,0.105349,0
B4,2600.6063,87.780769,0.110076,0
B4,2601.1063,83.53302,0.112824,0
B4,2601.6063,80.864563,0.114772,0
B4,2602.1063,81.873077,0.111049,0
B4,2602.6063,87.404594,0.105039,0
B4,2603.1063,90.039291,0.106413,0
B4,2603.6063,86.784622,0.110765,0
B4,2604.1063,84.720345,0.110045,0
B4,2604.6063,86.70182,0.107279,0
B4,2605.1063,88.703438,0.106524,0
B4,2605.6063,89.101601,0.106579,0
B4,2606.1063,85.936882,0.112092,0
B4,2606.6063,78.418983,0.119806,0
B4,2607.1063,77.395615,0.113892,0
B4,2607.6063,87.241821,0.102482,0
B4,2608.1063,95.178848,0.099928,0
B4,2608.6063,96.052826,0.100945,0
B4,2609.1063,95.584305,0.100752,0
B4,2609.6063,96.08046,0.100072,0
B4,2610.1063,95.595261,0.101605,0
B4,2610.6063,93.343834,0.104032,0
B4,2611.1063,90.979446,0.105765,0
B4,2611.6063,89.1689,0.107218,0
B4,2612.1063,88.758179,0.106488,0
B4,2612.6063,90.088486,0.104878,0
B4,2613.1063,91.593437,0.10384,0
B4,2613.6063,92.641312,0.103034,0
B4,2614.1063,90.580437,0.107466,0
B4,2614.6063,84.341354,0.114011,0
B4,2615.1063,78.681084,0.117425,0
B4,2615.6063,75.518173,0.119577,0
B4,2616.1063,75.875458,0.116797,0
B4,2616.6063,80.165443,0.112028,0
B4,2617.1063,85.285713,0.107788,0
B4,2617.6063,89.984985,0.103761,0
B4,2618.1063,90.512901,0.106859,0
B4,2618.6063,85.356873,0.112832,0
B4,2619.1063,80.563545,0.115293,0
B4,2619.6063,78.571632,0.116337,0
B4,2620.1063,75.427605,0.120825,0
B4,2620.6063,69.536949,0.126701,0
B4,2621.1063,66.073151,0.126919,0
B4,2621.6063,67.122765,0.124854,0
B4,2622.1063,68.90477,0.123784,0
B4,2622.6063,69.894234,0.123114,0
B4,2623.1063,72.464218,0.119262,0
B4,2623.6063,77.571831,0.114127,0
B4,2624.1063,82.82637,0.110017,0
B4,2624.6063,87.263634,0.10632,0
B4,2625.1063,90.664734,0.104032,0
B4,2625.6063,92.941383,0.102314,0
B4,2626.1063,91.670341,0.106269,0
B4,2626.6063,85.874245,0.112512,0
B4,2627.1063,82.329742,0.112505,0
B4,2627.6063,83.769974,0.109978,0
B4,2628.1063,85.831985,0.108878,0
B4,2628.6063,86.756142,0.108352,0
B4,2629.1063,84.666061,0.112555,0
B4,2629.6063,78.804955,0.118664,0
B4,2630.1063,73.58532,0.121738,0
B4,2630.6063,70.786797,0.123588,0
B4,2631.1063,73.140594,0.117597,0
B4,2631.6063,81.748283,0.108444,0
B4,2632.1063,86.902023,0.108529,0
B4,2632.6063,84.686478,0.112341,0
B4,2633.1063,80.520348,0.115859,0
B4,2633.6063,76.589073,0.119258,0
B4,2634.1063,78.306763,0.112837,0
B4,2634.6063,87.857018,0.102455,0
B4,2635.1063,90.503532,0.10818,0
B4,2635.6063,80.302933,0.120402,0
B4,2636.1063,70.609276,0.125236,0
B4,2636.6063,66.808464,0.127089,0
B4,2637.1063,65.078316,0.12828,0
B4,2637.6063,63.87727,0.129203,0
B4,2638.1063,67.733864,0.121495,0
B4,2638.6063,78.474525,0.110306,0
B4,2639.1063,87.532745,0.105558,0
B4,2639.6063,91.453529,0.103407,0
B4,2640.1063,89.179153,0.109559,0
B4,2640.6063,80.283028,0.11906,0
B4,2641.1063,76.600899,0.116038,0
B4,2641.6063,82.906281,0.107965,0
B4,2642.1063,84.747643,0.112797,0
B4,2642.6063,76.296494,0.122834,0
B4,2643.1063,71.412292,0.121391,0
B4,2643.6063,75.684814,0.115318,0
B4,2644.1063,83.474815,0.107685,0
B4,2644.6063,92.507919,0.099424,0
B4,2645.1063,97.597961,0.09873,0
B4,2645.6063,96.65329,0.101087,0
B4,2646.1063,90.693825,0.109215,0
B4,2646.6063,80.130913,0.119671,0
B4,2647.1063,73.683182,0.120559,0
B4,2647.6063,74.866982,0.117588,0
B4,2648.1063,80.637527,0.110406,0
B4,2648.6063,89.766777,0.101526,0
B4,2649.1063,94.849442,0.101464,0
B4,2649.6063,92.898827,0.104958,0
B4,2650.1063,88.735542,0.108789,0
B4,2650.6063,84.303825,0.112755,0
B4,2651.1063,78.647346,0.118741,0
B4,2651.6063,71.380363,0.125541,0
B4,2652.1063,68.113083,0.124489,0
B4,2652.6063,71.10817,0.120271,0
B4,2653.1063,76.127457,0.115658,0
B4,2653.6063,81.461601,0.110886,0
B4,2654.1063,82.216537,0.11433,0
B4,2654.6063,76.418388,0.121088,0
B4,2655.1063,75.094849,0.116659,0
B4,2655.6063,82.693535,0.107719,0
B4,2656.1063,88.413727,0.106594,0
B4,2656.6063,87.899323,0.108623,0
B4,2657.1063,84.461914,0.112642,0
B4,2657.6063,79.437126,0.117464,0
B4,2658.1063,71.434441,0.133863,0
B4,2658.6063,59.893047,0.154931,0
B4,2659.1063,56.622169,0.145378,0
B4,2659.6063,66.384644,0.123474,0
B4,2660.1063,76.040909,0.115488,0
B4,2660.6063,80.29155,0.113115,0
B4,2661.1063,84.639313,0.107838,0
B4,2661.6063,91.303535,0.10139,0
B4,2662.1063,94.118843,0.102885,0
B4,2662.6063,90.598633,0.107584,0
B4,2663.1063,85.242126,0.112309,0
B4,2663.6063,79.863937,0.117046,0
B4,2664.1063,74.941177,0.12097,0
B4,2664.6063,70.66629,0.124567,0
B4,2665.1063,71.193085,0.120043,0
B4,2665.6063,78.196854,0.112244,0
B4,2666.1063,85.618637,0.106986,0
B4,2666.6063,91.014778,0.102751,0
B4,2667.1063,92.966347,0.103552,0
B4,2667.6063,90.901062,0.106385,0
B4,2668.1063,89.26606,0.106429,0
B4,2668.6063,89.854935,0.105349,0
B4,2669.1063,88.993896,0.107944,0
B4,2669.6063,85.201225,0.112021,0
B4,2670.1063,80.7967,0.115693,0
B4,2670.6063,76.715881,0.119201,0
B4,2671.1063,76.844093,0.115467,0
B4,2671.6063,82.748367,0.108813,0
B4,2672.1063,86.314919,0.109193,0
B4,2672.6063,84.271332,0.112409,0
B4,2673.1063,85.462402,0.107097,0
B4,2673.6063,93.455383,0.098345,0
B4,2674.1063,95.932884,0.102738,0
B4,2674.6063,87.927094,0.112431,0
B4,2675.1063,82.361404,0.11253,0
B4,2675.6063,84.448029,0.10876,0
B4,2676.1063,83.67308,0.113893,0
B4,2676.6063,75.796143,0.122618,0
B4,2677.1063,72.423531,0.119827,0
B4,2677.6063,78.236282,0.112392,0
B4,2678.1063,84.555946,0.108709,0
B4,2678.6063,87.882362,0.10654,0
B4,2679.1063,86.967514,0.110318,0
B4,2679.6063,81.308029,0.116496,0
B4,2680.1063,80.1996,0.112268,0
B4,2680.6063,87.391342,0.103843,0
B4,2681.1063,93.589127,0.101364,0
B4,2681.6063,95.044502,0.101282,0
B4,2682.1063,93.843002,0.103478,0
B4,2682.6063,90.825783,0.106591,0
B4,2683.1063,86.77774,0.1106,0
B4,2683.6063,82.015427,0.11497,0
B4,2684.1063,81.456055,0.111584,0
B4,2684.6063,87.082825,0.10507,0
B4,2685.1063,90.20903,0.106084,0
B4,2685.6063,87.331184,0.110133,0
B4,2686.1063,83.964828,0.112006,0
B4,2686.6063,82.334457,0.113002,0
B4,2687.1063,80.966576,0.114413,0
B4,2687.6063,79.266869,0.115992,0
B4,2688.1063,77.453888,0.117603,0
B4,2688.6063,75.615799,0.119226,0
B4,2689.1063,76.841507,0.115447,0
B4,2689.6063,82.376823,0.109488,0
B4,2690.1063,83.841125,0.11287,0
B4,2690.6063,77.854347,0.120021,0
B4,2691.1063,72.773605,0.121809,0
B4,2691.6063,71.969421,0.121435,0
B4,2692.1063,72.614571,0.120674,0
B4,2692.6063,73.568779,0.119757,0
B4,2693.1063,75.003922,0.118149,0
B4,2693.6063,76.989304,0.116264,0
B4,2694.1063,77.563583,0.117139,0
B4,2694.6063,75.935715,0.119127,0
B4,2695.1063,74.446274,0.119759,0
B4,2695.6063,74.039276,0.119844,0
B4,2696.1063,75.926781,0.116439,0
B4,2696.6063,80.597626,0.111626,0
B4,2697.1063,82.224197,0.113577,0
B4,2697.6063,78.456123,0.118255,0
B4,2698.1063,78.103424,0.114197,0
B4,2698.6063,84.719307,0.106615,0
B4,2699.1063,89.408073,0.105948,0
B4,2699.6063,88.581947,0.108069,0
B4,2700.1063,87.287575,0.108225,0
B4,2700.6063,87.560326,0.107589,0
B4,2701.1063,85.752373,0.111406,0
B4,2701.6063,80.392471,0.11702,0
B4,2702.1063,77.644371,0.116242,0
B4,2702.6063,79.993996,0.112886,0
B4,2703.1063,86.576485,0.10466,0
B4,2703.6063,97.043007,0.09447,0
B4,2704.1063,101.41532,0.096967,0
B4,2704.6063,95.669029,0.104581,0
B4,2705.1063,87.566391,0.111223,0
B4,2705.6063,80.238037,0.117474,0
B4,2706.1063,80.409477,0.110921,0
B4,2706.6063,90.793205,0.099204,0
B4,2707.1063,97.701492,0.098766,0
B4,2707.6063,95.613853,0.102877,0
B4,2708.1063,91.426437,0.106134,0
B4,2708.6063,87.920563,0.109046,0
B4,2709.1063,85.730186,0.109988,0
B4,2709.6063,85.110992,0.110136,0
B4,2710.1063,82.594727,0.114415,0
B4,2710.6063,76.782578,0.120362,0
B4,2711.1063,75.127304,0.117328,0
B4,2711.6063,80.634727,0.110672,0
B4,2712.1063,86.293663,0.107371,0
B4,2712.6063,89.27639,0.105424,0
B4,2713.1063,92.139313,0.102334,0
B4,2713.6063,95.913475,0.098783,0
B4,2714.1063,94.295532,0.105181,0
B4,2714.6063,84.743256,0.11559,0
B4,2715.1063,78.495758,0.116173,0
B4,2715.6063,80.08596,0.112793,0
B4,2716.1063,83.141083,0.110798,0
B4,2716.6063,85.090897,0.109362,0
B4,2717.1063,89.47953,0.103076,0
B4,2717.6063,97.736366,0.094835,0
B4,2718.1063,99.104652,0.100669,0
B4,2718.6063,89.24604,0.11218,0
B4,2719.1063,82.381927,0.112745,0
B4,2719.6063,84.248062,0.108896,0
B4,2720.1063,86.810249,0.108237,0
B4,2720.6063,86.828178,0.108865,0
B4,2721.1063,85.994293,0.109705,0
B4,2721.6063,84.99118,0.11063,0
B4,2722.1063,83.703201,0.111971,0
B4,2722.6063,82.083725,0.113479,0
B4,2723.1063,83.68084,0.109161,0
B4,2723.6063,89.925552,0.102493,0
B4,2724.1063,94.984489,0.10026,0
B4,2724.6063,96.504967,0.099817,0
B4,2725.1063,93.554466,0.105451,0
B4,2725.6063,85.756889,0.113536,0
B4,2726.1063,78.483444,0.118248,0
B4,2726.6063,73.900414,0.1216,0
B4,2727.1063,72.292206,0.121078,0
B4,2727.6063,73.773521,0.118993,0
B4,2728.1063,77.181038,0.115082,0
B4,2728.6063,82.04557,0.110435,0
B4,2729.1063,86.238846,0.107705,0
B4,2729.6063,88.902504,0.105748,0
B4,2730.1063,89.431419,0.106774,0
B4,2730.6063,87.581528,0.109003,0
B4,2731.1063,84.975845,0.111358,0
B4,2731.6063,82.268974,0.113765,0
B4,2732.1063,85.566322,0.105557,0
B4,2732.6063,97.330276,0.093068,0
B4,2733.1063,102.31208,0.096792,0
B4,2733.6063,94.361664,0.107056,0
B4,2734.1063,84.857849,0.113513,0
B4,2734.6063,78.389908,0.118435,0
B4,2735.1063,77.068588,0.115838,0
B4,2735.6063,81.745209,0.110207,0
B4,2736.1063,86.424141,0.107606,0
B4,2736.6063,88.687279,0.106226,0
B4,2737.1063,89.217255,0.106673,0
B4,2737.6063,88.289406,0.107858,0
B4,2738.1063,86.110222,0.110508,0
B4,2738.6063,82.762985,0.113748,0
B4,2739.1063,79.498344,0.116252,0
B4,2739.6063,76.820702,0.118459,0
B4,2740.1063,73.292252,0.12246,0
B4,2740.6063,68.333099,0.127184,0
B4,2741.1063,70.476639,0.118688,0
B4,2741.6063,83.16452,0.10486,0
B4,2742.1063,94.064796,0.09951,0
B4,2742.6063,98.203796,0.097578,0
B4,2743.1063,95.875137,0.103607,0
B4,2743.6063,87.19725,0.112847,0
B4,2744.1063,79.681419,0.116831,0
B4,2744.6063,76.357094,0.118695,0
B4,2745.1063,75.448425,0.118429,0
B4,2745.6063,76.239204,0.117303,0
B4,2746.1063,75.68335,0.119407,0
B4,2746.6063,72.552345,0.122812,0
B4,2747.1063,72.078346,0.120241,0
B4,2747.6063,76.371559,0.115259,0
B4,2748.1063,80.964165,0.112161,0
B4,2748.6063,84.054214,0.109822,0
B4,2749.1063,85.253059,0.110051,0
B4,2749.6063,84.403976,0.111316,0
B4,2750.1063,81.851929,0.114542,0
B4,2750.6063,77.736053,0.118558,0
B4,2751.1063,80.797188,0.109156,0
B4,2751.6063,94.560638,0.094342,0
B4,2752.1063,101.35398,0.097203,0
B4,2752.6063,94.049675,0.107194,0
B4,2753.1063,91.219498,0.102183,0
B4,2753.6063,100.35375,0.091122,0
B4,2754.1063,102.96482,0.097588,0
B4,2754.6063,91.596367,0.111124,0
B4,2755.1063,82.100845,0.114295,0
B4,2755.6063,80.871819,0.113287,0
B4,2756.1063,,,0
B4,2756.6063,,,0
B4,2757.1063,,,0
B8,1886.7556,,,2
B8,1887.2556,45.117382,0.29662,2
B8,1887.7556,53.040325,0.281801,2
B8,1888.2556,57.917137,0.278295,2
B8,1888.7556,59.882324,0.275237,2
B8,1889.2556,59.038277,0.262247,2
B8,1889.7556,55.509033,0.257436,2
B8,1890.2556,52.492397,0.278114,2
B8,1890.7556,49.96574,0.305944,2
B8,1891.2556,49.335575,0.323396,2
B8,1891.7556,50.518166,0.325354,2
B8,1892.2556,51.843094,0.306927,2
B8,1892.7556,53.304081,0.287544,2
B8,1893.2556,52.126381,0.285772,2
B8,1893.7556,48.42651,0.285681,2
B8,1894.2556,51.058674,0.272041,2
B8,1894.7556,59.743286,0.26286,2
B8,1895.2556,59.982796,0.275349,2
B8,1895.7556,52.150101,0.288693,2
B8,1896.2556,45.78751,0.282997,2
B8,1896.7556,40.830105,0.276709,2
B8,1897.2556,39.594429,0.287464,2
B8,1897.7556,41.916142,0.299006,2
B8,1898.2556,41.910713,0.295796,2
B8,1898.7556,39.680901,0.286658,2
B8,1899.2556,40.173107,0.280028,2
B8,1899.7556,43.267143,0.281814,2
B8,1900.2556,45.784763,0.297665,2
B8,1900.7556,47.751415,0.311011,2
B8,1901.2556,48.592678,0.306017,2
B8,1901.7556,48.358238,0.295205,2
B8,1902.2556,48.832718,0.290545,2
B8,1902.7556,49.98481,0.291394,2
B8,1903.2556,50.002869,0.297138,2
B8,1903.7556,48.93697,0.300546,2
B8,1904.2556,47.096294,0.29471,2
B8,1904.7556,44.515053,0.282359,2
B8,1905.2556,45.357929,0.266104,2
B8,1905.7556,49.47374,0.265383,2
B8,1906.2556,49.612579,0.29877,2
B8,1906.7556,45.950062,0.328864,2
B8,1907.2556,42.943714,0.31991,2
B8,1907.7556,40.564568,0.296236,3
B8,1908.2556,50.206936,0.281094,3
B8,1908.7556,71.340012,0.274833,3
B8,1909.2556,82.083664,0.277784,3
B8,1909.7556,82.896645,0.283477,3
B8,1910.2556,79.894836,0.28573,3
B8,1910.7556,73.246681,0.281246,3
B8,1911.2556,74.11071,0.266877,3
B8,1911.7556,82.155212,0.253523,3
B8,1912.2556,87.33886,0.251603,3
B8,1912.7556,89.787956,0.256412,3
B8,1913.2556,88.559174,0.26345,3
B8,1913.7556,83.814919,0.267159,2
B8,1914.2556,81.138268,0.262222,2
B8,1914.7556,80.437927,0.25907,2
B8,1915.2556,80.498611,0.267678,2
B8,1915.7556,81.286728,0.27503,2
B8,1916.2556,83.639061,0.268687,2
B8,1916.7556,87.486534,0.260799,2
B8,1917.2556,87.335846,0.262974,2
B8,1917.7556,83.363525,0.26961,2
B8,1918.2556,81.07515,0.275351,2
B8,1918.7556,80.39637,0.279158,2
B8,1919.2556,79.380119,0.280034,2
B8,1919.7556,78.041298,0.278687,2
B8,1920.2556,78.551643,0.27579,2
B8,1920.7556,80.829498,0.271475,2
B8,1921.2556,80.397034,0.265861,2
B8,1921.7556,77.373909,0.26052,2
B8,1922.2556,76.40947,0.256954,2
B8,1922.7556,77.412811,0.257062,2
B8,1923.2556,82.032425,0.262663,2
B8,1923.7556,90.10862,0.266536,2
B8,1924.2556,90.093773,0.261776,2
B8,1924.7556,82.345131,0.256298,2
B8,1925.2556,79.615913,0.257666,2
B8,1925.7556,81.684471,0.263904,2
B8,1926.2556,83.575539,0.273126,2
B8,1926.7556,85.296951,0.280036,2
B8,1927.2556,82.914078,0.279569,2
B8,1927.7556,76.608131,0.279873,2
B8,1928.2556,73.780769,0.288736,0
B8,1928.7556,74.278381,0.293181,0
B8,1929.2556,74.141541,0.280807,2
B8,1929.7556,73.39827,0.266258,0
B8,1930.2556,75.392151,0.263534,0
B8,1930.7556,80.002342,0.266025,3
B8,1931.2556,82.540039,0.267413,2
B8,1931.7556,83.096764,0.26499,0
B8,1932.2556,85.292328,0.256168,0
B8,1932.7556,89.054359,0.250439,3
B8,1933.2556,91.09433,0.256873,2
B8,1933.7556,91.488281,0.260347,2
B8,1934.2556,89.458839,0.246406,2
B8,1934.7556,85.113007,0.23243,2
B8,1935.2556,81.819138,0.235032,2
B8,1935.7556,79.530777,0.245791,2
B8,1936.2556,79.942856,0.256659,2
B8,1936.7556,82.936127,0.26589,2
B8,1937.2556,85.030823,0.271814,2
B8,1937.7556,86.266617,0.275888,2
B8,1938.2556,86.223434,0.279503,2
B8,1938.7556,84.957748,0.278141,2
B8,1939.2556,85.342735,0.267479,2
B8,1939.7556,87.305511,0.255655,2
B8,1940.2556,87.352386,0.250446,2
B8,1940.7556,85.56797,0.253707,2
B8,1941.2556,83.769051,0.267213,2
B8,1941.7556,81.956268,0.281226,2
B8,1942.2556,82.213203,0.286437,2
B8,1942.7556,84.448456,0.285088,2
B8,1943.2556,84.437172,0.279322,2
B8,1943.7556,82.278534,0.273258,2
B8,1944.2556,79.541054,0.270833,2
B8,1944.7556,76.25029,0.267164,2
B8,1945.2556,78.762154,0.257587,2
B8,1945.7556,86.820435,0.252819,2
B8,1946.2556,88.05912,0.263103,2
B8,1946.7556,82.779335,0.272022,2
B8,1947.2556,80.764381,0.263881,2
B8,1947.7556,81.870102,0.255039,2
B8,1948.2556,82.900597,0.261132,2
B8,1948.7556,83.859184,0.27229,3
B8,1949.2556,79.760139,0.279076,3
B8,1949.7556,70.826797,0.281243,3
B8,1950.2556,71.48716,0.278557,3
B8,1950.7556,81.317635,0.271703,2
B8,1951.2556,86.062721,0.261338,2
B8,1951.7556,85.946976,0.253979,2
B8,1952.2556,84.238045,0.255854,1
B8,1952.7556,81.006264,0.262088,1
B8,1953.2556,77.901794,0.268019,1
B8,1953.7556,74.919006,0.274683,1
B8,1954.2556,74.393311,0.283069,2
B8,1954.7556,76.216209,0.28633,2
B8,1955.2556,79.454353,0.277919,2
B8,1955.7556,84.045265,0.259551,2
B8,1956.2556,86.213028,0.23287,1
B8,1956.7556,86.064651,0.213534,1
B8,1957.2556,87.599258,0.216514,1
B8,1957.7556,90.742538,0.23288,2
B8,1958.2556,88.62458,0.254098,2
B8,1958.7556,81.477684,0.270182,2
B8,1959.2556,78.921974,0.271586,2
B8,1959.7556,80.75473,0.269129,2
B8,1960.2556,77.522331,0.273155,2
B8,1960.7556,69.448433,0.280268,2
B8,1961.2556,69.869003,0.287225,2
B8,1961.7556,78.408981,0.285817,2
B8,1962.2556,80.354515,0.268196,2
B8,1962.7556,75.996788,0.253187,3
B8,1963.2556,73.868118,0.258786,1
B8,1963.7556,73.870079,0.268568,2
B8,1964.2556,77.351746,0.266839,2
B8,1964.7556,84.15947,0.259873,2
B8,1965.2556,85.900284,0.253667,2
B8,1965.7556,82.79792,0.254057,2
B8,1966.2556,82.287781,0.266618,2
B8,1966.7556,84.255424,0.276135,2
B8,1967.2556,90.50663,0.26806,2
B8,1967.7556,100.85227,0.253623,0
B8,1968.2556,107.50738,0.243559,3
B8,1968.7556,110.63492,0.237361,3
B8,1969.2556,111.08169,0.234543,0
B8,1969.7556,108.96606,0.238346,0
B8,1970.2556,106.86798,0.251871,0
B8,1970.7556,104.7867,0.264679,1
B8,1971.2556,106.38467,0.266792,1
B8,1971.7556,111.49945,0.261005,0
B8,1972.2556,108.73148,0.24999,0
B8,1972.7556,98.428825,0.243782,0
B8,1973.2556,95.310219,0.25197,1
B8,1973.7556,99.058449,0.261061,1
B8,1974.2556,99.969536,0.258162,1
B8,1974.7556,98.168747,0.254842,1
B8,1975.2556,99.594025,0.262162,1
B8,1975.7556,104.10293,0.265004,1
B8,1976.2556,106.19088,0.248918,0
B8,1976.7556,105.96479,0.231458,0
B8,1977.2556,104.94346,0.2294,0
B8,1977.7556,103.16199,0.231057,0
B8,1978.2556,102.43629,0.225255,0
B8,1978.7556,102.71975,0.219866,0
B8,1979.2556,103.19888,0.222416,0
B8,1979.7556,103.86505,0.230205,3
B8,1980.2556,104.42168,0.240654,3
B8,1980.7556,104.87362,0.251566,3
B8,1981.2556,105.4568,0.26084,0
B8,1981.7556,106.16542,0.261447,0
B8,1982.2556,106.93326,0.246667,0
B8,1982.7556,107.7577,0.229739,0
B8,1983.2556,105.41946,0.223318,0
B8,1983.7556,100.05818,0.223706,1
B8,1984.2556,98.448418,0.227367,1
B8,1984.7556,100.42452,0.234703,1
B8,1985.2556,101.1451,0.246094,1
B8,1985.7556,100.66558,0.251104,0
B8,1986.2556,100.30535,0.239758,3
B8,1986.7556,100.05912,0.223764,3
B8,1987.2556,101.6186,0.214313,0
B8,1987.7556,104.90404,0.213126,0
B8,1988.2556,106.25255,0.221849,0
B8,1988.7556,105.74964,0.232403,0
B8,1989.2556,103.40982,0.23707,1
B8,1989.7556,99.314186,0.239188,1
B8,1990.2556,96.909607,0.24195,1
B8,1990.7556,96.121422,0.245717,1
B8,1991.2556,96.517288,0.250836,0
B8,1991.7556,98.044914,0.25425,0
B8,1992.2556,100.8574,0.253033,0
B8,1992.7556,104.89801,0.247491,0
B8,1993.2556,103.58319,0.237916,0
B8,1993.7556,97.149399,0.231972,0
B8,1994.2556,96.397331,0.236986,0
B8,1994.7556,101.07612,0.24115,0
B8,1995.2556,103.5363,0.233174,0
B8,1995.7556,103.87583,0.226051,0
B8,1996.2556,102.54906,0.232204,0
B8,1996.7556,99.629562,0.240753,0
B8,1997.2556,98.706741,0.241304,0
B8,1997.7556,99.692444,0.239056,0
B8,1998.2556,101.96401,0.238979,0
B8,1998.7556,105.46467,0.243291,0
B8,1999.2556,104.80976,0.254117,0
B8,1999.7556,100.18276,0.239754,0
B8,2000.2556,100.56328,0.192914,0
B8,2000.7556,105.7302,0.164947,0
B8,2001.2556,107.26535,0.160906,0
B8,2001.7556,105.32911,0.153271,0
B8,2002.2556,103.48367,0.136756,0
B8,2002.7556,101.72504,0.126373,0
B8,2003.2556,101.22955,0.136471,0
B8,2003.7556,101.94143,0.152881,0
B8,2004.2556,101.20916,0.162061,0
B8,2004.7556,99.096519,0.168648,0
B8,2005.2556,98.694366,0.177073,0
B8,2005.7556,99.927177,0.180659,0
B8,2006.2556,100.99138,0.173021,0
B8,2006.7556,101.89443,0.166226,0
B8,2007.2556,101.2134,0.171803,0
B8,2007.7556,99.018242,0.177005,0
B8,2008.2556,99.764763,0.16965,0
B8,2008.7556,103.32307,0.159371,0
B8,2009.2556,102.85809,0.155373,0
B8,2009.7556,98.547462,0.15249,0
B8,2010.2556,97.150925,0.145783,0
B8,2010.7556,98.539787,0.142827,0
B8,2011.2556,99.466614,0.150863,0
B8,2011.7556,99.951797,0.162931,0
B8,2012.2556,100.66922,0.172382,0
B8,2012.7556,101.60864,0.178654,0
B8,2013.2556,95.645584,0.181214,0
B8,2013.7556,83.084831,0.178659,0
B8,2014.2556,72.300484,0.169647,0
B8,2014.7556,63.214088,0.165804,1
B8,2015.2556,58.660915,0.178243,1
B8,2015.7556,58.440796,0.189119,1
B8,2016.2556,62.314667,0.181373,1
B8,2016.7556,70.101768,0.17271,0
B8,2017.2556,72.832466,0.180053,2
B8,2017.7556,70.730026,0.191993,2
B8,2018.2556,69.844772,0.197621,2
B8,2018.7556,70.122955,0.195769,2
B8,2019.2556,71.821663,0.185318,2
B8,2019.7556,74.878166,0.176242,0
B8,2020.2556,70.97271,0.178074,0
B8,2020.7556,60.412697,0.184456,2
B8,2021.2556,57.195843,0.189311,2
B8,2021.7556,60.997906,0.193757,2
B8,2022.2556,64.095985,0.198864,2
B8,2022.7556,66.521164,0.199126,3
B8,2023.2556,69.445305,0.18928,3
B8,2023.7556,72.84639,0.181581,1
B8,2024.2556,68.878105,0.187742,1
B8,2024.7556,57.865852,0.191295,1
B8,2025.2556,59.589573,0.176497,0
B8,2025.7556,73.486916,0.164079,0
B8,2026.2556,77.428963,0.173862,0
B8,2026.7556,71.855309,0.185278,1
B8,2027.2556,71.474419,0.178672,1
B8,2027.7556,76.057007,0.16827,0
B8,2028.2556,74.687141,0.167672,0
B8,2028.7556,67.62764,0.172293,0
B8,2029.2556,64.685295,0.177749,1
B8,2029.7556,65.678307,0.177595,1
B8,2030.2556,69.556038,0.165671,1
B8,2030.7556,76.191116,0.156206,0
B8,2031.2556,74.118988,0.162801,0
B8,2031.7556,63.724113,0.176235,2
B8,2032.2556,60.042213,0.187696,2
B8,2032.7556,62.776878,0.192173,2
B8,2033.2556,68.996078,0.184881,1
B8,2033.7556,78.545952,0.177171,0
B8,2034.2556,81.067825,0.179892,0
B8,2034.7556,76.872017,0.18598,0
B8,2035.2556,71.221901,0.188679,0
B8,2035.7556,64.181709,0.187747,3
B8,2036.2556,61.223034,0.182955,2
B8,2036.7556,62.165665,0.185527,2
B8,2037.2556,63.55431,0.206189,2
B8,2037.7556,65.369278,0.218301,2
B8,2038.2556,67.887032,0.196401,2
B8,2038.7556,71.07653,0.163845,0
B8,2039.2556,75.610016,0.142957,0
B8,2039.7556,81.428139,0.142469,0
B8,2040.2556,75.432838,0.170723,0
B8,2040.7556,58.145744,0.200125,2
B8,2041.2556,53.329433,0.204298,2
B8,2041.7556,60.433258,0.194557,2
B8,2042.2556,65.762131,0.181719,2
B8,2042.7556,69.394432,0.172098,0
B8,2043.2556,75.676285,0.171733,0
B8,2043.7556,84.490707,0.17245,0
B8,2044.2556,87.024353,0.166431,0
B8,2044.7556,83.55455,0.165438,0
B8,2045.2556,79.309502,0.180714,1
B8,2045.7556,74.323425,0.193909,1
B8,2046.2556,74.904137,0.187483,0
B8,2046.7556,80.805824,0.173578,0
B8,2047.2556,80.475151,0.163801,0
B8,2047.7556,74.187317,0.160108,0
B8,2048.2556,70.172974,0.164371,1
B8,2048.7556,68.331726,0.171081,0
B8,2049.2556,71.453209,0.174975,1
B8,2049.7556,79.318291,0.172989,0
B8,2050.2556,78.91732,0.162194,0
B8,2050.7556,70.61528,0.155931,0
B8,2051.2556,65.60601,0.16695,1
B8,2051.7556,63.744106,0.180175,1
B8,2052.2556,63.941559,0.181191,1
B8,2052.7556,66.10743,0.17085,0
B8,2053.2556,69.269608,0.149968,0
B8,2053.7556,73.384094,0.134509,0
B8,2054.2556,76.706421,0.139731,0
B8,2054.7556,79.271568,0.150106,0
B8,2055.2556,79.065239,0.150785,0
B8,2055.7556,76.209793,0.152139,0
B8,2056.2556,72.603859,0.164083,0
B8,2056.7556,68.280579,0.175998,2
B8,2057.2556,64.14209,0.177735,2
B8,2057.7556,60.180229,0.1789,2
B8,2058.2556,62.677353,0.188672,2
B8,2058.7556,71.348259,0.196298,2
B8,2059.2556,75.197273,0.191498,1
B8,2059.7556,74.437294,0.177189,0
B8,2060.2556,72.829414,0.156158,0
B8,2060.7556,70.411072,0.144209,0
B8,2061.2556,70.42691,0.156452,0
B8,2061.7556,72.769463,0.175219,0
B8,2062.2556,72.889084,0.183626,0
B8,2062.7556,70.883942,0.189675,0
B8,2063.2556,68.586548,0.201018,2
B8,2063.7556,66.009796,0.212483,2
B8,2064.2556,60.936546,0.219127,2
B8,2064.7556,53.47702,0.223798,2
B8,2065.2556,53.997486,0.229216,2
B8,2065.7556,62.145576,0.224378,2
B8,2066.2556,68.816086,0.198769,2
B8,2066.7556,74.074249,0.171378,2
B8,2067.2556,74.827065,0.160355,0
B8,2067.7556,71.27346,0.16203,0
B8,2068.2556,68.152496,0.172897,1
B8,2068.7556,65.445084,0.186811,3
B8,2069.2556,67.32077,0.197897,3
B8,2069.7556,73.577179,0.202817,3
B8,2070.2556,75.545639,0.198379,3
B8,2070.7556,73.415474,0.190081,2
B8,2071.2556,71.417168,0.183177,2
B8,2071.7556,69.544907,0.184246,2
B8,2072.2556,68.182297,0.19957,2
B8,2072.7556,67.306831,0.209497,2
B8,2073.2556,67.963432,0.195241,2
B8,2073.7556,70.08445,0.179142,2
B8,2074.2556,70.420479,0.182553,2
B8,2074.7556,69.050339,0.190803,2
B8,2075.2556,67.294914,0.189872,2
B8,2075.7556,65.171234,0.187008,2
B8,2076.2556,64.986519,0.189143,2
B8,2076.7556,66.655151,0.190903,2
B8,2077.2556,71.442757,0.18715,2
B8,2077.7556,79.211609,0.18351,2
B8,2078.2556,81.455109,0.185363,0
B8,2078.7556,78.417221,0.183695,0
B8,2079.2556,77.895851,0.169891,0
B8,2079.7556,79.779869,0.156495,0
B8,2080.2556,80.255142,0.155498,0
B8,2080.7556,79.383858,0.156842,0
B8,2081.2556,78.268013,0.150917,0
B8,2081.7556,76.918411,0.149085,0
B8,2082.2556,68.882324,0.162205,0
B8,2082.7556,54.455006,0.176733,3
B8,2083.2556,51.724445,0.179717,3
B8,2083.7556,60.174175,0.174262,3
B8,2084.2556,67.476036,0.163337,0
B8,2084.7556,73.68071,0.15421,0
B8,2085.2556,77.018929,0.153828,0
B8,2085.7556,77.617264,0.162844,0
B8,2086.2556,75.083641,0.181879,0
B8,2086.7556,69.556358,0.196689,1
B8,2087.2556,69.259407,0.19366,3
B8,2087.7556,73.961838,0.183134,3
B8,2088.2556,74.693161,0.174995,3
B8,2088.7556,71.628723,0.167216,0
B8,2089.2556,71.423347,0.157863,0
B8,2089.7556,73.95079,0.154722,0
B8,2090.2556,73.625427,0.165239,0
B8,2090.7556,70.573219,0.183553,0
B8,2091.2556,68.650429,0.204065,2
B8,2091.7556,67.807182,0.217404,3
B8,2092.2556,64.389122,0.21461,3
B8,2092.7556,58.509949,0.205036,3
B8,2093.2556,59.053356,0.197621,3
B8,2093.7556,65.735756,0.191613,2
B8,2094.2556,70.657761,0.186297,2
B8,2094.7556,73.897095,0.183129,2
B8,2095.2556,74.292442,0.183499,2
B8,2095.7556,71.969368,0.184526,2
B8,2096.2556,69.940086,0.183454,2
B8,2096.7556,68.191628,0.184029,2
B8,2097.2556,66.160675,0.189833,2
B8,2097.7556,63.859699,0.19359,2
B8,2098.2556,61.119175,0.188342,2
B8,2098.7556,57.958508,0.181481,2
B8,2099.2556,61.929089,0.180073,2
B8,2099.7556,72.716049,0.18172,3
B8,2100.2556,75.372231,0.184129,3
B8,2100.7556,70.25666,0.184409,1
B8,2101.2556,69.349022,0.179797,1
B8,2101.7556,72.463524,0.175182,0
B8,2102.2556,75.176605,0.175239,0
B8,2102.7556,77.505997,0.180574,0
B8,2103.2556,77.084846,0.191764,1
B8,2103.7556,74.034622,0.195127,1
B8,2104.2556,71.736115,0.177583,1
B8,2104.7556,70.156136,0.156269,0
B8,2105.2556,69.094696,0.147563,0
B8,2105.7556,68.528893,0.147934,0
B8,2106.2556,67.962418,0.154006,0
B8,2106.7556,67.395294,0.154308,0
B8,2107.2556,78.674576,0.137879,0
B8,2107.7556,101.27717,0.122852,0
B8,2108.2556,114.54177,0.12656,0
B8,2108.7556,118.88068,0.134403,0
B8,2109.2556,123.28929,0.13243,0
B8,2109.7556,127.76453,0.127059,0
B8,2110.2556,130.6787,0.124425,0
B8,2110.7556,132.10069,0.125685,0
B8,2111.2556,130.11073,0.131944,0
B8,2111.7556,124.85944,0.135985,0
B8,2112.2556,125.44606,0.130905,0
B8,2112.7556,131.61282,0.124528,0
B8,2113.2556,133.04248,0.124331,0
B8,2113.7556,129.9442,0.12917,0
B8,2114.2556,125.49675,0.137955,0
B8,2114.7556,119.75969,0.145099,0
B8,2115.2556,118.75325,0.145265,0
B8,2115.7556,122.26857,0.140196,0
B8,2116.2556,126.75851,0.131556,0
B8,2116.7556,132.18005,0.124537,0
B8,2117.2556,132.06438,0.124096,0
B8,2117.7556,126.65593,0.125361,0
B8,2118.2556,123.70967,0.123676,0
B8,2118.7556,123.11688,0.124904,0
B8,2119.2556,121.24453,0.134646,0
B8,2119.7556,118.14913,0.141511,0
B8,2120.2556,121.32854,0.134614,0
B8,2120.7556,130.50571,0.1262,0
B8,2121.2556,130.4447,0.127975,0
B8,2121.7556,121.5534,0.132224,0
B8,2122.2556,119.67486,0.13157,0
B8,2122.7556,124.49942,0.13015,0
B8,2123.2556,125.7362,0.131916,0
B8,2123.7556,123.54363,0.13368,0
B8,2124.2556,123.28755,0.132392,0
B8,2124.7556,124.88244,0.129766,0
B8,2125.2556,126.88519,0.127439,0
B8,2125.7556,129.27779,0.128032,0
B8,2126.2556,128.45332,0.134051,0
B8,2126.7556,124.55386,0.141763,0
B8,2127.2556,122.02582,0.147606,0
B8,2127.7556,120.80867,0.150713,0
B8,2128.2556,121.31303,0.150258,0
B8,2128.7556,123.46289,0.146286,0
B8,2129.2556,124.76572,0.138836,0
B8,2129.7556,125.25894,0.134758,0
B8,2130.2556,123.60655,0.140599,0
B8,2130.7556,119.90329,0.145268,0
B8,2131.2556,121.20208,0.138168,0
B8,2131.7556,127.28205,0.128798,0
B8,2132.2556,129.8199,0.126241,0
B8,2132.7556,128.97205,0.126225,0
B8,2133.2556,129.85632,0.124665,0
B8,2133.7556,132.39622,0.125225,0
B8,2134.2556,131.09386,0.131406,0
B8,2134.7556,126.11889,0.136592,0
B8,2135.2556,124.42429,0.13446,0
B8,2135.7556,125.86522,0.129128,0
B8,2136.2556,128.94783,0.124531,0
B8,2136.7556,133.59961,0.121302,0
B8,2137.2556,136.03506,0.120048,0
B8,2137.7556,136.35204,0.121201,0
B8,2138.2556,133.08153,0.125173,0
B8,2138.7556,126.38192,0.128754,0
B8,2139.2556,124.41224,0.128874,0
B8,2139.7556,126.96363,0.127211,0
B8,2140.2556,129.29523,0.125367,0
B8,2140.7556,131.41673,0.123839,0
B8,2141.2556,132.6505,0.123102,0
B8,2141.7556,133.03572,0.123124,0
B8,2142.2556,132.60045,0.123878,0
B8,2142.7556,131.38094,0.127287,0
B8,2143.2556,128.24463,0.135193,0
B8,2143.7556,123.27622,0.139965,0
B8,2144.2556,123.74971,0.134313,0
B8,2144.7556,129.42482,0.126563,0
B8,2145.2556,131.65202,0.124673,0
B8,2145.7556,130.58356,0.125893,0
B8,2146.2556,128.97325,0.127596,0
B8,2146.7556,126.84502,0.128363,0
B8,2147.2556,127.29055,0.126836,0
B8,2147.7556,130.19618,0.12525,0
B8,2148.2556,130.7739,0.125737,0
B8,2148.7556,129.12648,0.126171,0
B8,2149.2556,129.8199,0.12452,0
B8,2149.7556,132.75079,0.12337,0
B8,2150.2556,132.34491,0.125193,0
B8,2150.7556,128.74956,0.127235,0
B8,2151.2556,127.8608,0.126866,0
B8,2151.7556,129.55911,0.128345,0
B8,2152.2556,127.7444,0.135739,0
B8,2152.7556,122.57178,0.143908,0
B8,2153.2556,118.95534,0.147936,0
B8,2153.7556,116.82637,0.145618,0
B8,2154.2556,117.47299,0.134847,0
B8,2154.7556,120.77263,0.124694,0
B8,2155.2556,123.83267,0.123832,0
B8,2155.7556,126.66367,0.126886,0
B8,2156.2556,127.3564,0.128714,0
B8,2156.7556,126.00529,0.128153,0
B8,2157.2556,128.58997,0.124084,0
B8,2157.7556,134.93668,0.120809,0
B8,2158.2556,133.78732,0.122438,0
B8,2158.7556,125.47292,0.12775,0
B8,2159.2556,121.71373,0.135576,0
B8,2159.7556,122.30862,0.140177,0
B8,2160.2556,123.90097,0.136067,0
B8,2160.7556,126.44673,0.129202,0
B8,2161.2556,129.09084,0.125272,0
B8,2161.7556,131.82895,0.123989,0
B8,2162.2556,131.90805,0.125075,0
B8,2162.7556,129.44556,0.125863,0
B8,2163.2556,130.17809,0.123804,0
B8,2163.7556,133.96455,0.126415,0
B8,2164.2556,131.50192,0.140882,0
B8,2164.7556,123.06607,0.152987,0
B8,2165.2556,120.0297,0.149139,0
B8,2165.7556,122.15439,0.139263,0
B8,2166.2556,124.23627,0.132846,0
B8,2166.7556,126.27722,0.1288,0
B8,2167.2556,128.43474,0.126083,0
B8,2167.7556,130.70369,0.127827,0
B8,2168.2556,129.50244,0.137021,0
B8,2168.7556,124.98423,0.143658,0
B8,2169.2556,122.95305,0.138169,0
B8,2169.7556,123.29907,0.129379,0
B8,2170.2556,125.44544,0.125726,0
B8,2170.7556,129.31265,0.125026,0
B8,2171.2556,128.17036,0.125192,0
B8,2171.7556,122.23977,0.129402,0
B8,2172.2556,119.25203,0.140691,0
B8,2172.7556,119.07723,0.150071,0
B8,2173.2556,117.32768,0.148946,0
B8,2173.7556,114.07293,0.142349,0
B8,2174.2556,116.43032,0.135085,0
B8,2174.7556,124.15205,0.129708,0
B8,2175.2556,124.67101,0.128657,0
B8,2175.7556,118.30527,0.128984,0
B8,2176.2556,118.87247,0.12787,0
B8,2176.7556,126.0665,0.126841,0
B8,2177.2556,128.86885,0.127358,0
B8,2177.7556,127.47343,0.12531,0
B8,2178.2556,126.09833,0.11677,0
B8,2178.7556,124.74264,0.110698,0
B8,2179.2556,125.53448,0.115662,0
B8,2179.7556,128.37903,0.123002,0
B8,2180.2556,128.28323,0.124441,0
B8,2180.7556,125.37691,0.123625,0
B8,2181.2556,125.68468,0.124037,0
B8,2181.7556,129.06462,0.124787,0
B8,2182.2556,126.833,0.125023,0
B8,2182.7556,119.23757,0.125304,0
B8,2183.2556,117.84215,0.126164,0
B8,2183.7556,122.37296,0.127256,0
B8,2184.2556,124.9917,0.128248,0
B8,2184.7556,125.78282,0.131738,0
B8,2185.2556,124.22874,0.140208,0
B8,2185.7556,120.43302,0.14837,0
B8,2186.2556,118.29199,0.151167,0
B8,2186.7556,117.73256,0.148456,0
B8,2187.2556,119.70751,0.140097,0
B8,2187.7556,124.10491,0.130577,0
B8,2188.2556,125.1218,0.124181,0
B8,2188.7556,122.90745,0.126367,0
B8,2189.2556,121.3709,0.142354,0
B8,2189.7556,120.48223,0.153989,0
B8,2190.2556,118.98887,0.143921,0
B8,2190.7556,116.91752,0.129,0
B8,2191.2556,119.10309,0.125329,0
B8,2191.7556,125.35762,0.127001,0
B8,2192.2556,127.73146,0.128366,0
B8,2192.7556,126.39596,0.128045,0
B8,2193.2556,128.43585,0.124717,0
B8,2193.7556,133.70206,0.125859,0
B8,2194.2556,126.13533,0.138619,0
B8,2194.7556,106.30228,0.15931,0
B8,2195.2556,86.809799,0.184411,0
B8,2195.7556,67.642845,0.203247,1
B8,2196.2556,55.202381,0.205613,1
B8,2196.7556,49.191387,0.197817,1
B8,2197.2556,48.737175,0.185886,2
B8,2197.7556,53.594387,0.180296,1
B8,2198.2556,53.882389,0.191059,1
B8,2198.7556,49.802937,0.206966,1
B8,2199.2556,48.107452,0.217299,1
B8,2199.7556,48.690662,0.215959,1
B8,2200.2556,49.380135,0.197118,1
B8,2200.7556,50.171173,0.179721,1
B8,2201.2556,49.665546,0.181879,1
B8,2201.7556,47.920506,0.192678,1
B8,2202.2556,47.269604,0.201681,1
B8,2202.7556,47.664532,0.207276,1
B8,2203.2556,49.015221,0.207918,2
B8,2203.7556,51.279469,0.204269,3
B8,2204.2556,51.47369,0.196962,3
B8,2204.7556,49.689293,0.194099,1
B8,2205.2556,49.098446,0.203423,2
B8,2205.7556,49.648445,0.208681,1
B8,2206.2556,50.602745,0.194339,1
B8,2206.7556,51.943497,0.177624,0
B8,2207.2556,52.054909,0.175,1
B8,2207.7556,50.991272,0.180669,1
B8,2208.2556,51.663311,0.18909,1
B8,2208.7556,53.994392,0.200061,2
B8,2209.2556,53.570351,0.213389,1
B8,2209.7556,50.512833,0.220366,1
B8,2210.2556,49.928944,0.212668,1
B8,2210.7556,51.709461,0.200896,1
B8,2211.2556,49.822037,0.195181,1
B8,2211.7556,44.428627,0.186496,1
B8,2212.2556,53.479618,0.166211,1
B8,2212.7556,76.337219,0.148704,0
B8,2213.2556,86.516113,0.147716,0
B8,2213.7556,84.576134,0.161547,0
B8,2214.2556,75.466202,0.188573,1
B8,2214.7556,59.502903,0.207313,1
B8,2215.2556,58.055004,0.197237,1
B8,2215.7556,70.481583,0.178153,0
B8,2216.2556,79.427399,0.16899,0
B8,2216.7556,85.04615,0.165302,0
B8,2217.2556,84.105675,0.162839,0
B8,2217.7556,76.895607,0.160252,0
B8,2218.2556,75.627281,0.156253,0
B8,2218.7556,80.038338,0.153478,0
B8,2219.2556,79.07663,0.154449,0
B8,2219.7556,72.979378,0.155174,0
B8,2220.2556,73.105133,0.151842,0
B8,2220.7556,79.179115,0.149286,0
B8,2221.2556,84.379028,0.152126,0
B8,2221.7556,88.743469,0.161415,0
B8,2222.2556,87.013512,0.178161,0
B8,2222.7556,79.45826,0.192516,0
B8,2223.2556,78.538643,0.195064,0
B8,2223.7556,83.961662,0.187812,0
B8,2224.2556,87.463432,0.172677,0
B8,2224.7556,89.128792,0.156803,0
B8,2225.2556,87.62384,0.147014,0
B8,2225.7556,83.088585,0.146113,0
B8,2226.2556,83.943665,0.156777,0
B8,2226.7556,89.95108,0.176031,0
B8,2227.2556,85.325676,0.201035,0
B8,2227.7556,70.536942,0.21246,1
B8,2228.2556,67.296677,0.191832,1
B8,2228.7556,75.094955,0.162545,0
B8,2229.2556,80.042473,0.146957,0
B8,2229.7556,82.265091,0.142319,0
B8,2230.2556,89.126999,0.146001,0
B8,2230.7556,100.42334,0.149588,0
B8,2231.2556,102.96885,0.14504,0
B8,2231.7556,97.14991,0.142943,0
B8,2232.2556,89.09362,0.153418,0
B8,2232.7556,78.89875,0.172294,0
B8,2233.2556,73.790688,0.195582,1
B8,2233.7556,73.54483,0.21029,1
B8,2234.2556,71.705025,0.204002,1
B8,2234.7556,68.341644,0.187072,1
B8,2235.2556,71.134079,0.169396,3
B8,2235.7556,79.810509,0.161686,0
B8,2236.2556,82.264069,0.174178,0
B8,2236.7556,78.769516,0.191554,0
B8,2237.2556,71.930931,0.199175,1
B8,2237.7556,61.895973,0.20236,1
B8,2238.2556,56.618801,0.206196,1
B8,2238.7556,55.889324,0.204621,1
B8,2239.2556,60.207729,0.191845,1
B8,2239.7556,69.35112,0.179764,3
B8,2240.2556,73.954765,0.17975,3
B8,2240.7556,74.219124,0.184278,0
B8,2241.2556,79.64077,0.186158,0
B8,2241.7556,89.991982,0.181425,0
B8,2242.2556,93.654198,0.166292,0
B8,2242.7556,90.92276,0.152894,0
B8,2243.2556,86.655014,0.152829,0
B8,2243.7556,80.918785,0.156253,0
B8,2244.2556,80.00605,0.153756,0
B8,2244.7556,83.703819,0.154724,0
B8,2245.2556,85.859398,0.168124,0
B8,2245.7556,86.540886,0.179617,0
B8,2246.2556,88.245232,0.175494,0
B8,2246.7556,90.927261,0.171284,0
B8,2247.2556,90.885422,0.181829,0
B8,2247.7556,88.239983,0.188521,0
B8,2248.2556,83.422623,0.173575,0
B8,2248.7556,76.529228,0.153158,0
B8,2249.2556,74.713631,0.142724,0
B8,2249.7556,77.751617,0.148264,0
B8,2250.2556,74.71978,0.175506,0
B8,2250.7556,65.886124,0.198385,3
B8,2251.2556,63.438854,0.191991,3
B8,2251.7556,67.095978,0.176688,3
B8,2252.2556,72.517944,0.171944,0
B8,2252.7556,79.626831,0.17563,0
B8,2253.2556,82.668007,0.185712,0
B8,2253.7556,81.821091,0.186768,0
B8,2254.2556,81.542557,0.164058,0
B8,2254.7556,81.807312,0.144936,0
B8,2255.2556,81.857735,0.155548,0
B8,2255.7556,81.7033,0.173531,0
B8,2256.2556,75.267494,0.177511,0
B8,2256.7556,62.827682,0.173878,1
B8,2257.2556,62.276863,0.168741,0
B8,2257.7556,73.09008,0.170602,0
B8,2258.2556,76.502403,0.187587,0
B8,2258.7556,72.84063,0.201638,2
B8,2259.2556,71.060753,0.195493,2
B8,2259.7556,71.079681,0.181704,2
B8,2260.2556,74.305321,0.172268,0
B8,2260.7556,80.596069,0.163807,0
B8,2261.2556,88.442162,0.153097,0
B8,2261.7556,97.774918,0.1467,0
B8,2262.2556,98.113052,0.15089,0
B8,2262.7556,89.853722,0.154967,0
B8,2263.2556,84.460091,0.148703,0
B8,2263.7556,81.805618,0.145032,0
B8,2264.2556,80.753326,0.156316,0
B8,2264.7556,81.232468,0.169688,0
B8,2265.2556,84.273529,0.172854,0
B8,2265.7556,89.763397,0.168925,0
B8,2266.2556,92.559555,0.160874,0
B8,2266.7556,92.780937,0.15559,0
B8,2267.2556,88.582695,0.159652,0
B8,2267.7556,80.159958,0.16693,0
B8,2268.2556,75.169388,0.171564,0
B8,2268.7556,73.459427,0.171862,0
B8,2269.2556,77.585876,0.16621,0
B8,2269.7556,87.291023,0.160499,0
B8,2270.2556,93.149345,0.160359,0
B8,2270.7556,95.330711,0.163972,0
B8,2271.2556,91.971428,0.1696,0
B8,2271.7556,83.316147,0.176839,0
B8,2272.2556,82.190117,0.185308,0
B8,2272.7556,88.260895,0.190104,0
B8,2273.2556,85.247772,0.186538,0
B8,2273.7556,73.551849,0.181353,0
B8,2274.2556,66.749596,0.18099,1
B8,2274.7556,64.624931,0.17501,1
B8,2275.2556,69.341164,0.153433,0
B8,2275.7556,80.596245,0.13748,0
B8,2276.2556,85.458946,0.147436,0
B8,2276.7556,84.211525,0.164893,0
B8,2277.2556,81.210716,0.172259,0
B8,2277.7556,76.533951,0.174409,0
B8,2278.2556,79.269417,0.176001,0
B8,2278.7556,89.089836,0.176003,0
B8,2279.2556,93.933769,0.173431,0
B8,2279.7556,94.020958,0.172279,0
B8,2280.2556,89.796661,0.176369,0
B8,2280.7556,81.451248,0.182276,0
B8,2281.2556,75.547211,0.186728,0
B8,2281.7556,71.97673,0.18687,0
B8,2282.2556,68.594101,0.179974,1
B8,2282.7556,65.391029,0.171699,1
B8,2283.2556,69.636841,0.167459,0
B8,2283.7556,81.002647,0.168694,0
B8,2284.2556,84.653275,0.176784,0
B8,2284.7556,80.92939,0.185632,0
B8,2285.2556,80.901566,0.189412,0
B8,2285.7556,84.406593,0.190539,0
B8,2286.2556,85.884186,0.191324,0
B8,2286.7556,85.423866,0.184014,0
B8,2287.2556,89.646103,0.161202,0
B8,2287.7556,98.344139,0.145515,0
B8,2288.2556,98.104668,0.158583,0
B8,2288.7556,89.322327,0.176232,0
B8,2289.2556,86.327232,0.175354,0
B8,2289.7556,88.863861,0.16697,0
B8,2290.2556,87.986923,0.161614,0
B8,2290.7556,83.847153,0.162185,0
B8,2291.2556,78.252708,0.171455,0
B8,2291.7556,71.267822,0.176265,0
B8,2292.2556,69.619659,0.164039,0
B8,2292.7556,73.072571,0.147662,0
B8,2293.2556,80.536766,0.139452,0
B8,2293.7556,91.835114,0.140087,0
B8,2294.2556,95.880592,0.150212,0
B8,2294.7556,92.993454,0.161648,0
B8,2295.2556,90.548256,0.166573,0
B8,2295.7556,88.52549,0.162561,0
B8,2296.2556,86.613304,0.147293,0
B8,2296.7556,84.806824,0.136922,0
B8,2297.2556,86.177704,0.146885,0
B8,2297.7556,90.585648,0.157596,0
B8,2298.2556,92.108604,0.150332,0
B8,2298.7556,90.873955,0.143735,0
B8,2299.2556,87.77803,0.155626,0
B8,2299.7556,82.903023,0.168984,0
B8,2300.2556,79.450859,0.167542,0
B8,2300.7556,77.358719,0.162234,0
B8,2301.2556,79.003738,0.163508,0
B8,2301.7556,84.220886,0.16848,0
B8,2302.2556,86.098663,0.17439,0
B8,2302.7556,84.7845,0.186335,0
B8,2303.2556,78.616997,0.209188,1
B8,2303.7556,67.81044,0.221238,1
B8,2304.2556,63.633366,0.201736,1
B8,2304.7556,65.793045,0.176364,1
B8,2305.2556,73.578545,0.169671,0
B8,2305.7556,86.741455,0.175413,0
B8,2306.2556,89.399796,0.187625,0
B8,2306.7556,82.017403,0.19655,0
B8,2307.2556,81.929054,0.192864,0
B8,2307.7556,88.812675,0.180183,0
B8,2308.2556,88.17617,0.161963,0
B8,2308.7556,80.351608,0.155532,0
B8,2309.2556,72.035851,0.177452,0
B8,2309.7556,63.250587,0.200373,1
B8,2310.2556,63.911583,0.198158,1
B8,2310.7556,73.60173,0.187987,1
B8,2311.2556,80.501701,0.18628,0
B8,2311.7556,84.734695,0.183662,0
B8,2312.2556,80.538177,0.171168,0
B8,2312.7556,68.284348,0.159823,0
B8,2313.2556,67.393806,0.160162,0
B8,2313.7556,77.364799,0.163153,0
B8,2314.2556,85.32798,0.160162,0
B8,2314.7556,91.372017,0.156641,0
B8,2315.2556,89.669136,0.157803,0
B8,2315.7556,80.561394,0.160618,0
B8,2316.2556,73.633217,0.162191,0
B8,2316.7556,68.788361,0.164642,0
B8,2317.2556,66.146172,0.170001,0
B8,2317.7556,65.60939,0.169863,0
B8,2318.2556,68.9207,0.156196,0
B8,2318.7556,75.910187,0.14432,0
B8,2319.2556,80.208832,0.148879,0
B8,2319.7556,81.935455,0.158987,0
B8,2320.2556,83.046455,0.164239,0
B8,2320.7556,83.569,0.16593,0
B8,2321.2556,78.649078,0.165301,0
B8,2321.7556,68.527008,0.166107,0
B8,2322.2556,69.523354,0.171937,0
B8,2322.7556,81.147171,0.17546,0
B8,2323.2556,86.997719,0.169665,0
B8,2323.7556,87.329903,0.165951,0
B8,2324.2556,81.68174,0.175217,0
B8,2324.7556,70.317276,0.181051,0
B8,2325.2556,74.740753,0.167768,0
B8,2325.7556,94.255051,0.156827,0
B8,2326.2556,94.351501,0.168739,0
B8,2326.7556,75.887497,0.185921,0
B8,2327.2556,67.247787,0.191567,1
B8,2327.7556,67.998589,0.191322,1
B8,2328.2556,72.136673,0.190584,1
B8,2328.7556,79.512466,0.185516,0
B8,2329.2556,85.141022,0.172449,0
B8,2329.7556,89.099503,0.160702,0
B8,2330.2556,90.045181,0.159182,0
B8,2330.7556,88.111084,0.165256,0
B8,2331.2556,85.263939,0.176409,0
B8,2331.7556,81.544052,0.182484,0
B8,2332.2556,78.196014,0.173776,0
B8,2332.7556,75.203407,0.164202,0
B8,2333.2556,77.120628,0.167065,0
B8,2333.7556,83.730888,0.169957,0
B8,2334.2556,87.431541,0.161018,0
B8,2334.7556,88.351067,0.150938,0
B8,2335.2556,90.78344,0.149937,0
B8,2335.7556,94.66185,0.148871,0
B8,2336.2556,95.50634,0.139001,0
B8,2336.7556,93.450867,0.134877,0
B8,2337.2556,92.348404,0.150403,0
B8,2337.7556,92.15686,0.168671,0
B8,2338.2556,89.344269,0.173519,0
B8,2338.7556,84.026375,0.167492,0
B8,2339.2556,88.232864,0.153025,0
B8,2339.7556,101.54319,0.141315,0
B8,2340.2556,105.53783,0.143064,0
B8,2340.7556,100.6281,0.152026,0
B8,2341.2556,93.452538,0.162229,0
B8,2341.7556,84.111206,0.171967,0
B8,2342.2556,74.013023,0.179606,0
B8,2342.7556,63.191422,0.18054,3
B8,2343.2556,64.45462,0.170364,3
B8,2343.7556,77.269005,0.160234,0
B8,2344.2556,86.928879,0.160813,0
B8,2344.7556,93.573524,0.164705,0
B8,2345.2556,92.330383,0.164842,0
B8,2345.7556,83.547737,0.160852,0
B8,2346.2556,83.043823,0.152383,0
B8,2346.7556,90.453087,0.144506,0
B8,2347.2556,91.158852,0.142068,0
B8,2347.7556,85.457108,0.149366,0
B8,2348.2556,75.140022,0.170508,0
B8,2348.7556,60.411404,0.193453,1
B8,2349.2556,56.96888,0.206693,1
B8,2349.7556,64.31411,0.205562,1
B8,2350.2556,74.339737,0.185597,0
B8,2350.7556,86.927399,0.165108,0
B8,2351.2556,93.202599,0.161596,0
B8,2351.7556,93.444054,0.167358,0
B8,2352.2556,88.818985,0.175027,0
B8,2352.7556,79.542267,0.1804,0
B8,2353.2556,77.530846,0.179459,0
B8,2353.7556,82.463905,0.177642,0
B8,2354.2556,83.815277,0.180146,0
B8,2354.7556,81.743111,0.181575,0
B8,2355.2556,84.045166,0.176771,0
B8,2355.7556,90.528305,0.170765,0
B8,2356.2556,83.316002,0.168367,0
B8,2356.7556,63.012978,0.166626,0
B8,2357.2556,61.775562,0.162722,3
B8,2357.7556,78.761917,0.161548,0
B8,2358.2556,82.013359,0.16778,0
B8,2358.7556,72.13636,0.176911,0
B8,2359.2556,72.203171,0.184633,0
B8,2359.7556,81.774734,0.18808,0
B8,2360.2556,86.354958,0.184512,0
B8,2360.7556,86.164246,0.180539,0
B8,2361.2556,85.916748,0.18248,0
B8,2361.7556,85.614983,0.183634,0
B8,2362.2556,84.09977,0.177592,0
B8,2362.7556,81.424683,0.168752,0
B8,2363.2556,78.288681,0.161316,0
B8,2363.7556,74.712105,0.15936,0
B8,2364.2556,75.141411,0.166782,0
B8,2364.7556,79.399719,0.175033,0
B8,2365.2556,84.193344,0.175943,0
B8,2365.7556,89.498657,0.173744,0
B8,2366.2556,89.090714,0.17248,0
B8,2366.7556,83.221779,0.170033,0
B8,2367.2556,82.848877,0.164375,0
B8,2367.7556,87.729332,0.160177,0
B8,2368.2556,86.33168,0.161901,0
B8,2368.7556,78.933128,0.166485,0
B8,2369.2556,76.345428,0.171007,0
B8,2369.7556,78.356155,0.171156,0
B8,2370.2556,81.22435,0.162814,0
B8,2370.7556,84.912148,0.157661,0
B8,2371.2556,84.134392,0.166866,0
B8,2371.7556,79.088249,0.174836,0
B8,2372.2556,79.194061,0.166668,0
B8,2372.7556,84.224335,0.155018,0
B8,2373.2556,86.365768,0.151986,0
B8,2373.7556,85.745911,0.154694,0
B8,2374.2556,85.941895,0.160389,0
B8,2374.7556,86.917694,0.165244,0
B8,2375.2556,90.634583,0.165597,0
B8,2375.7556,96.971527,0.167142,0
B8,2376.2556,94.29187,0.17532,0
B8,2376.7556,82.993744,0.186995,0
B8,2377.2556,75.22065,0.199165,1
B8,2377.7556,70.816948,0.206128,1
B8,2378.2556,70.456589,0.202434,1
B8,2378.7556,73.961044,0.191194,0
B8,2379.2556,76.882423,0.175382,0
B8,2379.7556,79.246483,0.161307,0
B8,2380.2556,82.403908,0.154999,0
B8,2380.7556,86.319656,0.15025,0
B8,2381.2556,86.981499,0.141129,0
B8,2381.7556,84.533089,0.13943,0
B8,2382.2556,79.466774,0.156425,0
B8,2382.7556,71.89814,0.174328,0
B8,2383.2556,76.19857,0.176134,0
B8,2383.7556,91.843979,0.170515,0
B8,2384.2556,95.950043,0.165757,0
B8,2384.7556,89.026268,0.168016,0
B8,2385.2556,86.253777,0.183176,0
B8,2385.7556,87.449257,0.197037,0
B8,2386.2556,87.622322,0.196022,0
B8,2386.7556,86.818123,0.189881,0
B8,2387.2556,87.648048,0.187926,0
B8,2387.7556,90.039948,0.184774,0
B8,2388.2556,86.775002,0.175275,0
B8,2388.7556,78.102997,0.167604,0
B8,2389.2556,76.788551,0.169573,0
B8,2389.7556,82.506798,0.174108,0
B8,2390.2556,82.989342,0.174447,0
B8,2390.7556,78.467346,0.171998,0
B8,2391.2556,83.513535,0.168107,0
B8,2391.7556,97.705414,0.166979,0
B8,2392.2556,99.863113,0.172629,0
B8,2392.7556,90.518013,0.17559,0
B8,2393.2556,86.034142,0.166807,0
B8,2393.7556,86.196854,0.15876,0
B8,2394.2556,84.450539,0.16338,0
B8,2394.7556,80.879478,0.172095,0
B8,2395.2556,76.37426,0.176713,0
B8,2395.7556,70.97612,0.174843,0
B8,2396.2556,78.429413,0.1642,0
B8,2396.7556,98.166687,0.157785,0
B8,2397.2556,99.232834,0.168025,0
B8,2397.7556,82.452286,0.180353,0
B8,2398.2556,77.102753,0.180845,0
B8,2398.7556,82.679497,0.180268,0
B8,2399.2556,83.606392,0.188914,0
B8,2399.7556,80.088768,0.196913,0
B8,2400.2556,79.245216,0.194833,0
B8,2400.7556,80.957672,0.188097,0
B8,2401.2556,82.313866,0.18189,0
B8,2401.7556,83.329529,0.174743,0
B8,2402.2556,83.355148,0.16525,0
B8,2402.7556,82.434448,0.15945,0
B8,2403.2556,79.920586,0.163116,0
B8,2403.7556,75.883904,0.169184,0
B8,2404.2556,72.812363,0.1709,0
B8,2404.7556,70.663345,0.171079,0
B8,2405.2556,73.840416,0.172412,0
B8,2405.7556,82.108398,0.173569,0
B8,2406.2556,83.674522,0.173281,0
B8,2406.7556,78.834709,0.169039,0
B8,2407.2556,79.599144,0.158449,0
B8,2407.7556,85.720367,0.154345,0
B8,2408.2556,87.188858,0.168993,0
B8,2408.7556,84.21006,0.184092,0
B8,2409.2556,75.867943,0.182153,0
B8,2409.7556,62.399323,0.171445,0
B8,2410.2556,62.754963,0.15987,0
B8,2410.7556,76.324455,0.150484,0
B8,2411.2556,86.603355,0.146207,0
B8,2411.7556,93.736961,0.147309,0
B8,2412.2556,96.947334,0.154051,0
B8,2412.7556,96.407707,0.164292,0
B8,2413.2556,88.828033,0.175989,0
B8,2413.7556,74.519173,0.1863,0
B8,2414.2556,70.049065,0.192505,0
B8,2414.7556,74.983284,0.185597,0
B8,2415.2556,82.176773,0.156965,0
B8,2415.7556,91.529778,0.132907,0
B8,2416.2556,93.484833,0.138557,0
B8,2416.7556,88.368607,0.159691,0
B8,2417.2556,82.50209,0.182714,0
B8,2417.7556,75.918419,0.191851,0
B8,2418.2556,75.092239,0.172021,0
B8,2418.7556,79.769333,0.146815,0
B8,2419.2556,83.710312,0.138779,0
B8,2419.7556,86.947685,0.141785,0
B8,2420.2556,87.984573,0.149976,0
B8,2420.7556,86.918159,0.15512,0
B8,2421.2556,83.685188,0.149349,0
B8,2421.7556,78.381325,0.145087,0
B8,2422.2556,78.476578,0.154209,0
B8,2422.7556,83.732559,0.169663,0
B8,2423.2556,84.77906,0.18471,0
B8,2423.7556,81.801964,0.193294,0
B8,2424.2556,80.530922,0.189625,0
B8,2424.7556,80.89061,0.186177,0
B8,2425.2556,79.949364,0.194871,0
B8,2425.7556,77.764626,0.196362,0
B8,2426.2556,82.57991,0.172162,0
B8,2426.7556,94.086136,0.14566,0
B8,2427.2556,96.821899,0.139217,0
B8,2427.7556,91.174469,0.137141,0
B8,2428.2556,90.511024,0.124427,0
B8,2428.7556,94.611504,0.114101,0
B8,2429.2556,92.114227,0.118614,0
B8,2429.7556,83.310524,0.132514,0
B8,2430.2556,80.400558,0.150595,0
B8,2430.7556,83.124084,0.165375,0
B8,2431.2556,83.027779,0.169704,0
B8,2431.7556,80.236137,0.172105,0
B8,2432.2556,80.647095,0.180723,0
B8,2432.7556,84.119255,0.185894,0
B8,2433.2556,82.195831,0.178383,0
B8,2433.7556,75.115074,0.174457,0
B8,2434.2556,74.603424,0.18967,0
B8,2434.7556,80.370811,0.199306,0
B8,2435.2556,87.353577,0.179739,0
B8,2435.7556,95.498062,0.157234,0
B8,2436.2556,94.309044,0.156894,0
B8,2436.7556,84.198639,0.164409,0
B8,2437.2556,77.887985,0.166099,0
B8,2437.7556,75.20932,0.16125,0
B8,2438.2556,76.396324,0.149179,0
B8,2438.7556,81.278305,0.144056,0
B8,2439.2556,82.299782,0.159421,0
B8,2439.7556,79.631195,0.176679,0
B8,2440.2556,80.450188,0.178059,0
B8,2440.7556,84.602753,0.171481,0
B8,2441.2556,84.605011,0.164514,0
B8,2441.7556,80.640205,0.156747,0
B8,2442.2556,85.888466,0.147785,0
B8,2442.7556,99.942986,0.143942,0
B8,2443.2556,102.01396,0.151253,0
B8,2443.7556,92.630508,0.163752,0
B8,2444.2556,86.815285,0.17574,0
B8,2444.7556,84.410721,0.179516,0
B8,2445.2556,86.369308,0.16772,0
B8,2445.7556,92.498405,0.159214,0
B8,2446.2556,90.013298,0.172028,0
B8,2446.7556,79.294342,0.188528,0
B8,2447.2556,74.743408,0.191857,3
B8,2447.7556,76.08815,0.19325,1
B8,2448.2556,73.423546,0.203446,1
B8,2448.7556,66.926636,0.206955,1
B8,2449.2556,68.594749,0.188973,1
B8,2449.7556,78.067352,0.167352,0
B8,2450.2556,83.612617,0.159156,0
B8,2450.7556,85.403954,0.162365,0
B8,2451.2556,81.109894,0.175045,0
B8,2451.7556,70.99913,0.185954,1
B8,2452.2556,70.090004,0.184343,1
B8,2452.7556,77.976204,0.178754,0
B8,2453.2556,79.697151,0.177349,0
B8,2453.7556,75.52507,0.179529,0
B8,2454.2556,71.818855,0.184721,1
B8,2454.7556,68.55793,0.188346,1
B8,2455.2556,71.038589,0.186028,0
B8,2455.7556,79.007301,0.182175,0
B8,2456.2556,81.55806,0.181002,0
B8,2456.7556,78.930077,0.180988,0
B8,2457.2556,75.459404,0.180678,0
B8,2457.7556,71.18325,0.175917,0
B8,2458.2556,79.786461,0.162733,0
B8,2458.7556,100.70037,0.154666,0
B8,2459.2556,103.24489,0.164656,0
B8,2459.7556,88.23114,0.179578,0
B8,2460.2556,79.452698,0.186887,0
B8,2460.7556,76.634232,0.186179,0
B8,2461.2556,76.554527,0.177069,0
B8,2461.7556,79.092644,0.168152,0
B8,2462.2556,83.341408,0.167639,0
B8,2462.7556,89.225273,0.166638,0
B8,2463.2556,87.67762,0.156652,0
B8,2463.7556,79.026588,0.14992,0
B8,2464.2556,72.01638,0.158142,0
B8,2464.7556,66.574547,0.171566,3
B8,2465.2556,67.92627,0.180867,0
B8,2465.7556,75.771591,0.187087,0
B8,2466.2556,77.534782,0.191224,3
B8,2466.7556,73.484383,0.192858,3
B8,2467.2556,76.83342,0.191587,0
B8,2467.7556,87.255165,0.186307,0
B8,2468.2556,91.456833,0.175962,0
B8,2468.7556,89.713066,0.164763,0
B8,2469.2556,84.953552,0.156735,
B8,2469.7556,77.311455,0.155398,
B8,2470.2556,74.323708,0.164123,
B8,2470.7556,75.784805,,
B9,1733.4171,86.456902,0.219602,
B9,1733.9171,89.632996,0.215734,
B9,1734.4171,94.439766,0.210919,
B9,1734.9171,99.570641,0.212229,
B9,1735.4171,91.735809,0.221071,
B9,1735.9171,81.324066,0.223729,
B9,1736.4171,86.25135,0.217476,0
B9,1736.9171,94.227226,0.213548,0
B9,1737.4171,94.357315,0.214178,0
B9,1737.9171,92.928078,0.217087,0
B9,1738.4171,88.35302,0.221824,0
B9,1738.9171,83.152733,0.224038,0
B9,1739.4171,83.783257,0.222865,0
B9,1739.9171,85.572624,0.220948,0
B9,1740.4171,87.739639,0.218811,0
B9,1740.9171,89.98172,0.217664,0
B9,1741.4171,90.109047,0.217744,0
B9,1741.9171,89.816071,0.219656,0
B9,1742.4171,86.16478,0.223518,0
B9,1742.9171,81.846039,0.224079,0
B9,1743.4171,85.004211,0.220299,0
B9,1743.9171,89.648407,0.217909,0
B9,1744.4171,89.935326,0.218051,0
B9,1744.9171,89.356239,0.21596,0
B9,1745.4171,94.251778,0.210688,0
B9,1745.9171,100.23539,0.210592,1
B9,1746.4171,94.448418,0.217334,1
B9,1746.9171,86.322067,0.223901,1
B9,1747.4171,80.898338,0.224444,1
B9,1747.9171,76.011742,0.225332,1
B9,1748.4171,77.239166,0.228007,1
B9,1748.9171,79.681732,0.226917,1
B9,1749.4171,81.313255,0.225413,0
B9,1749.9171,82.783577,0.226139,0
B9,1750.4171,79.816994,0.220506,2
B9,1750.9171,75.968582,0.218794,2
B9,1751.4171,79.685448,0.223399,2
B9,1751.9171,84.905907,0.223736,0
B9,1752.4171,82.653336,0.226639,0
B9,1752.9171,78.915512,0.226061,0
B9,1753.4171,83.845734,0.220448,0
B9,1753.9171,90.498695,0.217083,0
B9,1754.4171,90.789185,0.217414,0
B9,1754.9171,89.815147,0.22102,0
B9,1755.4171,83.347832,0.233918,0
B9,1755.9171,75.788742,0.237966,0
B9,1756.4171,77.496696,0.229318,0
B9,1756.9171,81.046455,0.225917,0
B9,1757.4171,82.012863,0.225229,0
B9,1757.9171,82.465843,0.2237,0
B9,1758.4171,85.168457,0.220865,0
B9,1758.9171,88.318176,0.214986,0
B9,1759.4171,97.299576,0.205719,0
B9,1759.9171,107.44,0.206249,0
B9,1760.4171,96.207458,0.219194,0
B9,1760.9171,80.727081,0.226775,0
B9,1761.4171,80.562752,0.225459,0
B9,1761.9171,83.442451,0.223507,0
B9,1762.4171,84.589073,0.222563,0
B9,1762.9171,85.391243,0.21924,0
B9,1763.4171,91.447556,0.212864,0
B9,1763.9171,98.548119,0.210091,0
B9,1764.4171,97.170433,0.212243,0
B9,1764.9171,94.107712,0.213222,0
B9,1765.4171,95.151016,0.211815,0
B9,1765.9171,97.010391,0.212384,0
B9,1766.4171,93.976067,0.215796,1
B9,1766.9171,89.969131,0.218168,1
B9,1767.4171,89.079033,0.218731,1
B9,1767.9171,88.808403,0.218463,1
B9,1768.4171,89.632172,0.217559,2
B9,1768.9171,90.673454,0.215496,2
B9,1769.4171,93.891632,0.212167,2
B9,1769.9171,97.542465,0.212259,2
B9,1770.4171,93.701088,0.216703,0
B9,1770.9171,88.370651,0.218184,0
B9,1771.4171,90.648216,0.215244,0
B9,1771.9171,94.437859,0.213134,0
B9,1772.4171,95.002419,0.212897,0
B9,1772.9171,94.925995,0.216711,0
B9,1773.4171,87.132034,0.205016,0
B9,1773.9171,77.804237,0.209931,1
B9,1774.4171,76.682442,0.228365,1
B9,1774.9171,77.191559,0.223475,1
B9,1775.4171,86.00399,0.21599,1
B9,1775.9171,96.466675,0.208968,1
B9,1776.4171,101.56925,0.204539,1
B9,1776.9171,105.60652,0.206555,1
B9,1777.4171,97.410103,0.215676,1
B9,1777.9171,86.782272,0.220263,0
B9,1778.4171,87.944153,0.218002,0
B9,1778.9171,91.449211,0.219012,0
B9,1779.4171,85.859039,0.222096,0
B9,1779.9171,78.461212,0.220904,0
B9,1780.4171,87.001526,0.214302,0
B9,1780.9171,98.709511,0.208959,0
B9,1781.4171,99.343559,0.209412,0
B9,1781.9171,97.776688,0.213505,0
B9,1782.4171,90.896156,0.220685,0
B9,1782.9171,82.959557,0.222232,0
B9,1783.4171,87.703514,0.216413,2
B9,1783.9171,94.967712,0.213631,2
B9,1784.4171,93.445259,0.215953,2
B9,1784.9171,90.176476,0.217777,2
B9,1785.4171,89.681763,0.217989,1
B9,1785.9171,89.738396,0.21827,1
B9,1786.4171,89.102013,0.218954,1
B9,1786.9171,88.327904,0.219196,1
B9,1787.4171,88.602959,0.218828,1
B9,1787.9171,89.086517,0.220068,1
B9,1788.4171,86.042435,0.223358,1
B9,1788.9171,82.297226,0.22237,1
B9,1789.4171,88.082382,0.215846,1
B9,1789.9171,95.761673,0.211367,1
B9,1790.4171,97.32402,0.210442,1
B9,1790.9171,97.670654,0.214254,0
B9,1791.4171,89.457779,0.223038,0
B9,1791.9171,79.543724,0.241368,0
B9,1792.4171,75.996445,0.241243,1
B9,1792.9171,73.714554,0.216038,1
B9,1793.4171,75.411095,0.21445,0
B9,1793.9171,77.898338,0.223106,0
B9,1794.4171,85.782722,0.217454,0
B9,1794.9171,94.739769,0.213832,1
B9,1795.4171,93.260101,0.216271,1
B9,1795.9171,89.706161,0.218842,1
B9,1796.4171,87.95462,0.220365,0
B9,1796.9171,86.56131,0.219634,0
B9,1797.4171,89.462814,0.216409,0
B9,1797.9171,93.217903,0.217592,0
B9,1798.4171,87.021812,0.224556,1
B9,1798.9171,78.847954,0.228007,1
B9,1799.4171,79.89743,0.226102,0
B9,1799.9171,82.780022,0.218053,0
B9,1800.4171,73.989258,0.238085,0
B9,1800.9171,62.878433,0.237289,0
B9,1801.4171,65.803383,0.218582,0
B9,1801.9171,71.517914,0.227886,0
B9,1802.4171,78.73568,0.224878,0
B9,1802.9171,86.252205,0.222697,0
B9,1803.4171,83.451271,0.226405,0
B9,1803.9171,78.59977,0.223717,0
B9,1804.4171,88.999191,0.21217,0
B9,1804.9171,102.42969,0.208793,0
B9,1805.4171,95.966476,0.216973,0
B9,1805.9171,85.549431,0.219915,1
B9,1806.4171,89.895584,0.214281,1
B9,1806.9171,97.175896,0.212906,1
B9,1807.4171,92.733727,0.218341,1
B9,1807.9171,85.961746,0.22136,1
B9,1808.4171,86.501213,0.220133,1
B9,1808.9171,88.493805,0.218848,1
B9,1809.4171,89.152031,0.218338,1
B9,1809.9171,89.545067,0.219887,1
B9,1810.4171,85.957291,0.223747,1
B9,1810.9171,81.578331,0.225116,1
B9,1811.4171,83.133423,0.223037,1
B9,1811.9171,85.867882,0.218813,0
B9,1812.4171,91.851189,0.212702,0
B9,1812.9171,98.480209,0.212615,0
B9,1813.4171,92.027931,0.220129,0
B9,1813.9171,82.975777,0.222963,0
B9,1814.4171,86.178688,0.218679,0
B9,1814.9171,91.817268,0.216452,0
B9,1815.4171,90.772659,0.218109,0
B9,1815.9171,88.399796,0.221973,0
B9,1816.4171,82.799248,0.209827,0
B9,1816.9171,76.557213,0.207481,0
B9,1817.4171,80.304741,0.220772,0
B9,1817.9171,86.037674,0.221436,0
B9,1818.4171,86.270073,0.22174,0
B9,1818.9171,85.409264,0.219792,0
B9,1819.4171,90.289398,0.21451,1
B9,1819.9171,96.310532,0.212896,1
B9,1820.4171,93.619614,0.216342,1
B9,1820.9171,89.197205,0.216397,1
B9,1821.4171,93.506523,0.21138,1
B9,1821.9171,99.551247,0.211148,1
B9,1822.4171,93.986649,0.217659,1
B9,1822.9171,86.114731,0.221206,1
B9,1823.4171,86.66581,0.21986,1
B9,1823.9171,88.890938,0.218194,1
B9,1824.4171,90.102852,0.217117,1
B9,1824.9171,91.113396,0.217346,1
B9,1825.4171,89.632462,0.219021,1
B9,1825.9171,87.656364,0.221666,1
B9,1826.4171,84.17466,0.225186,1
B9,1826.9171,80.393707,0.231084,0
B9,1827.4171,73.229324,0.224368,0
B9,1827.9171,65.392494,0.221626,0
B9,1828.4171,69.338249,0.232965,0
B9,1828.9171,75.625771,0.248066,0
B9,1829.4171,72.596222,0.259453,0
B9,1829.9171,67.714943,0.246758,0
B9,1830.4171,75.755569,0.227854,0
B9,1830.9171,86.36438,0.219936,0
B9,1831.4171,89.037392,0.21811,0
B9,1831.9171,90.133194,0.216974,0
B9,1832.4171,91.380325,0.215751,0
B9,1832.9171,92.657532,0.220591,3
B9,1833.4171,81.392319,0.226548,3
B9,1833.9171,67.634331,0.227899,3
B9,1834.4171,76.07415,0.223751,0
B9,1834.9171,88.925728,0.221307,0
B9,1835.4171,83.645416,0.220458,0
B9,1835.9171,74.761429,0.208963,0
B9,1836.4171,71.750031,0.217247,0
B9,1836.9171,69.9058,0.224143,0
B9,1837.4171,66.573471,0.224616,2
B9,1837.9171,62.945381,0.253333,2
B9,1838.4171,59.915302,0.265676,2
B9,1838.9171,57.004082,0.259539,2
B9,1839.4171,59.4622,0.257848,2
B9,1839.9171,62.987461,0.246548,2
B9,1840.4171,62.928398,0.239012,2
B9,1840.9171,62.156963,0.232959,2
B9,1841.4171,64.932182,0.244239,2
B9,1841.9171,68.412285,0.251142,2
B9,1842.4171,64.981613,0.246827,2
B9,1842.9171,60.177456,0.250741,2
B9,1843.4171,59.392815,0.247589,2
B9,1843.9171,59.407047,0.241375,2
B9,1844.4171,56.639355,0.241162,2
B9,1844.9171,53.318756,0.249166,2
B9,1845.4171,56.716499,0.254387,2
B9,1845.9171,61.449497,0.242347,2
B9,1846.4171,58.713551,0.234272,2
B9,1846.9171,54.493172,0.249145,2
B9,1847.4171,59.809845,0.257587,2
B9,1847.9171,67.02198,0.261284,2
B9,1848.4171,63.332878,0.266778,2
B9,1848.9171,57.47718,0.267929,2
B9,1849.4171,55.677433,0.263891,2
B9,1849.9171,54.683796,0.25647,2
B9,1850.4171,62.083302,0.260461,2
B9,1850.9171,71.150925,0.245484,2
B9,1851.4171,66.873917,0.247794,2
B9,1851.9171,59.944698,0.271773,2
B9,1852.4171,58.743042,0.260125,2
B9,1852.9171,58.679726,0.234693,2
B9,1853.4171,58.743958,0.218201,2
B9,1853.9171,58.833546,0.213997,2
B9,1854.4171,62.422848,0.229052,2
B9,1854.9171,66.70771,0.246298,2
B9,1855.4171,60.93428,0.259683,2
B9,1855.9171,53.161789,0.272424,2
B9,1856.4171,48.341652,0.265138,3
B9,1856.9171,44.108288,0.248278,3
B9,1857.4171,48.725304,0.248178,3
B9,1857.9171,55.101311,0.256067,2
B9,1858.4171,58.224167,0.255293,3
B9,1858.9171,60.700466,0.255288,3
B9,1859.4171,71.138786,0.239274,3
B9,1859.9171,83.159538,0.224591,2
B9,1860.4171,85.318733,0.222148,2
B9,1860.9171,85.51796,0.219358,2
B9,1861.4171,91.078796,0.213452,2
B9,1861.9171,97.705246,0.212694,2
B9,1862.4171,92.642067,0.218727,2
B9,1862.9171,85.255608,0.22268,2
B9,1863.4171,84.484619,0.22279,2
B9,1863.9171,85.02845,0.222499,2
B9,1864.4171,85.08416,0.222492,2
B9,1864.9171,85.042854,0.223542,2
B9,1865.4171,82.918922,0.2258,2
B9,1865.9171,80.381058,0.226,2
B9,1866.4171,82.507401,0.22349,2
B9,1866.9171,85.560738,0.221665,2
B9,1867.4171,86.273842,0.221199,3
B9,1867.9171,86.521835,0.220118,3
B9,1868.4171,88.505638,0.218027,3
B9,1868.9171,90.834442,0.217378,3
B9,1869.4171,89.847061,0.218654,3
B9,1869.9171,88.2006,0.221529,3
B9,1870.4171,83.910896,0.225942,3
B9,1870.9171,79.095863,0.228162,3
B9,1871.4171,79.330093,0.227449,3
B9,1871.9171,80.567856,0.225844,3
B9,1872.4171,82.641869,0.223753,3
B9,1872.9171,84.882095,0.223672,3
B9,1873.4171,82.811928,0.226093,3
B9,1873.9171,79.885078,0.225843,3
B9,1874.4171,83.326515,0.221894,3
B9,1874.9171,88.03363,0.218594,3
B9,1875.4171,90.137543,0.212635,3
B9,1875.9171,91.724075,0.206806,2
B9,1876.4171,91.847832,0.205998,2
B9,1876.9171,91.680878,0.20746,2
B9,1877.4171,88.82782,0.210485,2
B9,1877.9171,85.440903,0.213291,2
B9,1878.4171,83.036568,0.215527,2
B9,1878.9171,80.827515,0.215344,2
B9,1879.4171,83.413857,0.212376,2
B9,1879.9171,86.95327,0.209168,2
B9,1880.4171,90.034973,0.206225,2
B9,1880.9171,93.025703,0.202431,0
B9,1881.4171,97.865959,0.197561,0
B9,1881.9171,103.07381,0.193373,0
B9,1882.4171,106.50883,0.190214,0
B9,1882.9171,109.59151,0.187844,0
B9,1883.4171,111.39964,0.186215,0
B9,1883.9171,112.95446,0.186025,0
B9,1884.4171,111.79175,0.187413,0
B9,1884.9171,110.08894,0.188206,0
B9,1885.4171,110.1547,0.187972,0
B9,1885.9171,110.57197,0.188098,0
B9,1886.4171,109.89489,0.18886,0
B9,1886.9171,109.00031,0.189974,0
B9,1887.4171,107.59676,0.191383,0
B9,1887.9171,106.09204,0.19277,0
B9,1888.4171,104.73539,0.19407,0
B9,1888.9171,103.40815,0.194372,0
B9,1889.4171,104.11271,0.193493,0
B9,1889.9171,105.22108,0.193095,0
B9,1890.4171,104.9339,0.193508,0
B9,1890.9171,104.36936,0.192771,0
B9,1891.4171,106.45295,0.190497,0
B9,1891.9171,109.06285,0.189046,0
B9,1892.4171,109.44737,0.188888,0
B9,1892.9171,109.3896,0.189543,0
B9,1893.4171,108.09687,0.190915,0
B9,1893.9171,106.55868,0.192023,0
B9,1894.4171,105.80927,0.192673,0
B9,1894.9171,105.21663,0.191811,0
B9,1895.4171,107.58693,0.189229,0
B9,1895.9171,110.54611,0.18791,0
B9,1896.4171,110.31052,0.188446,0
B9,1896.9171,109.43999,0.188774,0
B9,1897.4171,109.63269,0.188485,0
B9,1897.9171,110.03671,0.189357,0
B9,1898.4171,107.83272,0.191744,0
B9,1898.9171,105.11037,0.192033,0
B9,1899.4171,107.23819,0.189504,0
B9,1899.9171,110.32998,0.188564,0
B9,1900.4171,109.17753,0.190089,0
B9,1900.9171,107.18153,0.191656,0
B9,1901.4171,105.94345,0.192783,0
B9,1901.9171,104.85602,0.193529,0
B9,1902.4171,104.40246,0.193908,0
B9,1902.9171,104.07489,0.194292,0
B9,1903.4171,103.61042,0.194755,0
B9,1903.9171,103.11876,0.193049,0
B9,1904.4171,107.13094,0.188727,0
B9,1904.9171,112.03827,0.18647,0
B9,1905.4171,111.789,0.187208,0
B9,1905.9171,110.51489,0.187903,0
B9,1906.4171,110.35383,0.187952,0
B9,1906.9171,110.414,0.188196,0
B9,1907.4171,109.84998,0.188802,0
B9,1907.9171,109.16191,0.190494,0
B9,1908.4171,106.36149,0.193412,0
B9,1908.9171,103.14124,0.194676,0
B9,1909.4171,103.75249,0.193715,0
B9,1909.9171,105.12525,0.190891,0
B9,1910.4171,109.57754,0.18628,0
B9,1910.9171,114.64186,0.184561,0
B9,1911.4171,113.12579,0.186664,0
B9,1911.9171,110.30187,0.187629,0
B9,1912.4171,111.13348,0.186471,0
B9,1912.9171,112.69161,0.185481,0
B9,1913.4171,113.17712,0.185114,0
B9,1913.9171,113.44945,0.184613,0
B9,1914.4171,114.21053,0.183828,0
B9,1914.9171,115.06873,0.193123,0
B9,1915.4171,95.028893,0.226499,1
B9,1915.9171,70.835625,0.233869,3
B9,1916.4171,72.232208,0.216907,3
B9,1916.9171,78.714714,0.214221,3
B9,1917.4171,85.364159,0.208963,3
B9,1917.9171,92.046783,0.210208,3
B9,1918.4171,82.794006,0.224704,3
B9,1918.9171,70.374107,0.227962,3
B9,1919.4171,75.624336,0.216976,3
B9,1919.9171,84.386459,0.210469,2
B9,1920.4171,75.333229,0.227366,2
B9,1920.9171,62.739254,0.224087,2
B9,1921.4171,63.587502,0.194549,2
B9,1921.9171,67.107353,0.214341,2
B9,1922.4171,71.753586,0.23322,2
B9,1922.9171,76.623688,0.221746,2
B9,1923.4171,79.100136,0.217302,2
B9,1923.9171,81.100861,0.217806,2
B9,1924.4171,78.059135,0.213475,2
B9,1924.9171,74.015236,0.205627,2
B9,1925.4171,76.454109,0.208998,2
B9,1925.9171,80.181427,0.215508,2
B9,1926.4171,80.816841,0.216597,2
B9,1926.9171,80.837746,0.217579,2
B9,1927.4171,78.791245,0.219458,2
B9,1927.9171,76.333862,0.23535,2
B9,1928.4171,71.080215,0.241986,2
B9,1928.9171,65.270821,0.237095,2
B9,1929.4171,66.112068,0.22594,2
B9,1929.9171,68.275108,0.218289,2
B9,1930.4171,67.716026,0.235935,2
B9,1930.9171,66.615929,0.23756,2
B9,1931.4171,69.620003,0.226962,2
B9,1931.9171,73.439774,0.230429,2
B9,1932.4171,74.436996,0.230097,2
B9,1932.9171,74.873245,0.215617,2
B9,1933.4171,76.873199,0.210959,2
B9,1933.9171,79.183937,0.238345,2
B9,1934.4171,74.552963,0.247609,2
B9,1934.9171,68.542343,0.238936,2
B9,1935.4171,71.920372,0.233935,2
B9,1935.9171,77.164368,0.223981,2
B9,1936.4171,76.214523,0.232723,2
B9,1936.9171,74.033653,0.238342,2
B9,1937.4171,74.558769,0.22579,2
B9,1937.9171,75.621696,0.223589,2
B9,1938.4171,72.855476,0.220846,2
B9,1938.9171,69.328232,0.229177,2
B9,1939.4171,72.275429,0.234367,2
B9,1939.9171,76.509399,0.213535,2
B9,1940.4171,76.868294,0.205476,2
B9,1940.9171,76.457031,0.210537,2
B9,1941.4171,78.800552,0.215867,2
B9,1941.9171,81.691574,0.213152,2
B9,1942.4171,77.540619,0.224384,2
B9,1942.9171,71.990097,0.216174,2
B9,1943.4171,75.313271,0.20251,2
B9,1943.9171,80.40007,0.212871,2
B9,1944.4171,82.633148,0.21404,2
B9,1944.9171,84.299049,0.215425,2
B9,1945.4171,79.776749,0.210782,2
B9,1945.9171,74.024559,0.208811,2
B9,1946.4171,79.898048,0.21162,2
B9,1946.9171,88.082123,0.211602,2
B9,1947.4171,83.882828,0.216716,2
B9,1947.9171,77.222366,0.219708,2
B9,1948.4171,77.646149,0.218764,2
B9,1948.9171,79.477905,0.216674,2
B9,1949.4171,82.018768,0.214144,2
B9,1949.9171,84.700562,0.214458,2
B9,1950.4171,81.370918,0.225474,2
B9,1950.9171,76.846504,0.190363,0
B9,1951.4171,79.317131,0.135084,0
B9,1951.9171,83.178009,0.124879,0
B9,1952.4171,82.023766,0.12648,0
B9,1952.9171,79.872787,0.128254,0
B9,1953.4171,78.363472,0.1233,0
B9,1953.9171,76.981682,0.12248,0
B9,1954.4171,77.449387,0.128204,0
B9,1954.9171,78.284668,0.129104,0
B9,1955.4171,78.199532,0.129274,0
B9,1955.9171,77.931473,0.129324,0
B9,1956.4171,78.097984,0.129121,0
B9,1956.9171,78.350868,0.122513,0
B9,1957.4171,75.8218,0.12971,0
B9,1957.9171,72.73983,0.138248,0
B9,1958.4171,76.581116,0.12938,0
B9,1958.9171,81.798393,0.124391,0
B9,1959.4171,84.411064,0.12211,0
B9,1959.9171,86.506073,0.122785,0
B9,1960.4171,83.015419,0.126707,0
B9,1960.9171,78.414619,0.128781,0
B9,1961.4171,78.733185,0.127999,0
B9,1961.9171,80.029465,0.1191,0
B9,1962.4171,77.733734,0.130002,0
B9,1962.9171,74.724098,0.123731,0
B9,1963.4171,75.55172,0.110504,0
B9,1963.9171,77.141991,0.125722,3
B9,1964.4171,78.634842,0.128009,3
B9,1964.9171,80.10833,0.126992,3
B9,1965.4171,80.733009,0.126468,3
B9,1965.9171,81.188995,0.135664,3
B9,1966.4171,70.302284,0.139388,3
B9,1966.9171,57.161243,0.138925,3
B9,1967.4171,69.855942,0.133087,3
B9,1967.9171,87.685425,0.144794,3
B9,1968.4171,77.592407,0.176143,3
B9,1968.9171,61.94986,0.1787,3
B9,1969.4171,62.270519,0.141143,3
B9,1969.9171,65.763832,0.120317,3
B9,1970.4171,68.059608,0.128253,3
B9,1970.9171,70.117371,0.135154,3
B9,1971.4171,71.175056,0.140555,0
B9,1971.9171,72.033981,0.125842,0
B9,1972.4171,92.156052,0.103907,0
B9,1972.9171,116.10661,0.088585,0
B9,1973.4171,123.99172,0.082491,0
B9,1973.9171,128.68384,0.080724,0
B9,1974.4171,127.63612,0.082292,0
B9,1974.9171,125.44762,0.082741,0
B9,1975.4171,126.70956,0.081186,0
B9,1975.9171,128.65726,0.080487,0
B9,1976.4171,128.15237,0.081213,0
B9,1976.9171,127.16005,0.082815,0
B9,1977.4171,124.84569,0.085185,0
B9,1977.9171,122.26857,0.084971,0
B9,1978.4171,125.28644,0.081508,0
B9,1978.9171,129.41629,0.077824,0
B9,1979.4171,132.88911,0.074522,0
B9,1979.9171,136.23137,0.074071,0
B9,1980.4171,133.81989,0.076963,0
B9,1980.9171,130.26488,0.076823,0
B9,1981.4171,134.10625,0.072388,0
B9,1981.9171,139.41763,0.073579,0
B9,1982.4171,131.64674,0.082371,0
B9,1982.9171,121.27579,0.087576,0
B9,1983.4171,120.90577,0.086971,0
B9,1983.9171,122.52342,0.086637,0
B9,1984.4171,121.59535,0.087782,0
B9,1984.9171,120.16134,0.085507,0
B9,1985.4171,126.2902,0.078839,0
B9,1985.9171,133.92213,0.075144,0
B9,1986.4171,133.91547,0.075886,0
B9,1986.9171,132.39059,0.078121,0
B9,1987.4171,129.30086,0.081267,0
B9,1987.9171,125.90009,0.080051,0
B9,1988.4171,131.80991,0.073427,0
B9,1988.9171,139.57019,0.072765,0
B9,1989.4171,133.17363,0.080328,0
B9,1989.9171,123.96344,0.08611,0
B9,1990.4171,121.24199,0.088123,0
B9,1990.9171,119.81017,0.087055,0
B9,1991.4171,123.44615,0.083043,0
B9,1991.9171,128.08934,0.079087,0
B9,1992.4171,131.60985,0.075783,0
B9,1992.9171,134.90723,0.07486,0
B9,1993.4171,133.51353,0.076663,0
B9,1993.9171,131.18752,0.077037,0
B9,1994.4171,132.74019,0.075159,0
B9,1994.9171,135.06377,0.076536,0
B9,1995.4171,129.89894,0.082263,0
B9,1995.9171,123.24582,0.085182,0
B9,1996.4171,123.87581,0.08387,0
B9,1996.9171,125.9533,0.081953,0
B9,1997.4171,127.8325,0.080151,0
B9,1997.9171,129.67229,0.077626,0
B9,1998.4171,133.04378,0.074211,0
B9,1998.9171,136.71964,0.071891,0
B9,1999.4171,137.8298,0.071062,0
B9,1999.9171,138.43004,0.072921,0
B9,2000.4171,133.99518,0.077704,0
B9,2000.9171,128.5596,0.080639,0
B9,2001.4171,127.93662,0.080779,0
B9,2001.9171,128.27014,0.082024,0
B9,2002.4171,125.36846,0.085148,0
B9,2002.9171,121.8238,0.085461,0
B9,2003.4171,124.72112,0.082033,0
B9,2003.9171,128.89877,0.079617,0
B9,2004.4171,129.7059,0.07916,0
B9,2004.9171,129.84315,0.079569,0
B9,2005.4171,128.86182,0.080628,0
B9,2005.9171,127.65815,0.082275,0
B9,2006.4171,125.46384,0.084496,0
B9,2006.9171,123.07262,0.085643,0
B9,2007.4171,123.09579,0.085388,0
B9,2007.9171,123.59881,0.084219,0
B9,2008.4171,125.50852,0.082233,0
B9,2008.9171,127.6978,0.080148,0
B9,2009.4171,129.80981,0.078109,0
B9,2009.9171,131.90649,0.075969,0
B9,2010.4171,134.22537,0.073701,0
B9,2010.9171,136.58844,0.074531,0
B9,2011.4171,132.51091,0.079104,0
B9,2011.9171,127.15335,0.082449,0
B9,2012.4171,125.60728,0.08358,0
B9,2012.9171,124.81876,0.082626,0
B9,2013.4171,127.57782,0.079611,0
B9,2013.9171,131.04195,0.077051,0
B9,2014.4171,132.85887,0.075448,0
B9,2014.9171,134.3484,0.074917,0
B9,2015.4171,133.95613,0.075479,0
B9,2015.9171,133.18985,0.078516,0
B9,2016.4171,127.68963,0.084302,0
B9,2016.9171,121.24855,0.100665,0
B9,2017.4171,93.921906,0.136947,0
B9,2017.9171,62.444302,0.142781,1
B9,2018.4171,59.427204,0.121418,1
B9,2018.9171,62.066559,0.141209,1
B9,2019.4171,59.370701,0.178798,1
B9,2019.9171,55.614475,0.1691,1
B9,2020.4171,55.410419,0.150609,1
B9,2020.9171,55.91235,0.145215,1
B9,2021.4171,54.107708,0.133033,1
B9,2021.9171,51.844643,0.122866,1
B9,2022.4171,52.809071,0.133626,1
B9,2022.9171,54.414955,0.158505,1
B9,2023.4171,54.860466,0.165418,1
B9,2023.9171,55.075356,0.156529,1
B9,2024.4171,56.322678,0.141131,1
B9,2024.9171,57.775192,0.129725,1
B9,2025.4171,71.870995,0.120591,1
B9,2025.9171,88.479622,0.116136,1
B9,2026.4171,92.902191,0.113926,0
B9,2026.9171,94.902809,0.116646,0
B9,2027.4171,87.288757,0.13188,0
B9,2027.9171,77.763824,0.136043,0
B9,2028.4171,81.538864,0.124174,0
B9,2028.9171,87.957245,0.119868,0
B9,2029.4171,87.584244,0.120884,0
B9,2029.9171,85.861465,0.117635,0
B9,2030.4171,94.288017,0.108491,0
B9,2030.9171,104.73172,0.109312,0
B9,2031.4171,92.593231,0.124022,0
B9,2031.9171,75.966591,0.128741,0
B9,2032.4171,83.171539,0.118693,0
B9,2032.9171,95.112961,0.114095,0
B9,2033.4171,92.343498,0.118196,0
B9,2033.9171,86.650299,0.120321,0
B9,2034.4171,87.956139,0.118381,0
B9,2034.9171,90.65303,0.119993,0
B9,2035.4171,84.630013,0.132923,0
B9,2035.9171,76.873924,0.130023,0
B9,2036.4171,75.949142,0.118007,0
B9,2036.9171,76.382057,0.123596,0
B9,2037.4171,77.297394,0.128665,0
B9,2037.9171,78.308601,0.124738,0
B9,2038.4171,87.184135,0.115379,0
B9,2038.9171,97.622673,0.116719,0
B9,2039.4171,84.418877,0.135577,0
B9,2039.9171,66.516228,0.139562,0
B9,2040.4171,77.747391,0.122087,0
B9,2040.9171,94.768822,0.112985,0
B9,2041.4171,94.977112,0.114403,0
B9,2041.9171,91.843834,0.11643,0
B9,2042.4171,90.791718,0.11725,0
B9,2042.9171,90.153229,0.119375,0
B9,2043.4171,86.407066,0.123305,0
B9,2043.9171,82.043259,0.125285,0
B9,2044.4171,82.319984,0.12457,0
B9,2044.9171,83.519005,0.122482,0
B9,2045.4171,86.629692,0.119283,0
B9,2045.9171,90.120316,0.11947,0
B9,2046.4171,86.241661,0.12394,0
B9,2046.9171,80.898376,0.140086,0
B9,2047.4171,76.98101,0.14649,0
B9,2047.9171,73.347031,0.133847,0
B9,2048.4171,79.1875,0.124529,0
B9,2048.9171,86.910995,0.120343,0
B9,2049.4171,87.65126,0.120298,0
B9,2049.9171,87.003632,0.120972,0
B9,2050.4171,86.261986,0.1217,0
B9,2050.9171,85.501663,0.121583,0
B9,2051.4171,78.482864,0.122566,0
B9,2051.9171,70.220207,0.141753,0
B9,2052.4171,69.778183,0.146978,0
B9,2052.9171,70.890488,0.128743,0
B9,2053.4171,83.188164,0.116618,0
B9,2053.9171,97.7089,0.112113,0
B9,2054.4171,93.835747,0.117639,0
B9,2054.9171,86.306862,0.122285,0
B9,2055.4171,84.248116,0.123754,0
B9,2055.9171,83.27655,0.123014,0
B9,2056.4171,85.774109,0.120259,0
B9,2056.9171,88.961143,0.118426,0
B9,2057.4171,89.556763,0.118098,0
B9,2057.9171,89.637344,0.118297,0
B9,2058.4171,89.14727,0.118827,0
B9,2058.9171,88.543793,0.120724,0
B9,2059.4171,85.23259,0.124193,0
B9,2059.9171,81.38324,0.122149,0
B9,2060.4171,89.45047,0.113183,0
B9,2060.9171,99.886101,0.109714,0
B9,2061.4171,96.611481,0.114208,0
B9,2061.9171,90.611984,0.1181,0
B9,2062.4171,88.578606,0.119689,0
B9,2062.9171,87.333488,0.121752,0
B9,2063.4171,84.320992,0.124842,0
B9,2063.9171,80.95723,0.125183,0
B9,2064.4171,83.617661,0.122024,0
B9,2064.9171,87.475395,0.120161,0
B9,2065.4171,87.46212,0.120547,0
B9,2065.9171,86.679497,0.119591,0
B9,2066.4171,89.434692,0.11658,0
B9,2066.9171,92.893021,0.116749,0
B9,2067.4171,89.086296,0.121138,0
B9,2067.9171,83.835655,0.120164,0
B9,2068.4171,91.095985,0.111922,0
B9,2068.9171,100.84284,0.108933,0
B9,2069.4171,97.26535,0.113683,0
B9,2069.9171,91.039673,0.121395,0
B9,2070.4171,81.352669,0.139597,0
B9,2070.9171,70.977737,0.151864,0
B9,2071.4171,75.686966,0.138923,0
B9,2071.9171,83.394135,0.123469,0
B9,2072.4171,87.930481,0.117821,0
B9,2072.9171,91.836632,0.113231,0
B9,2073.4171,97.403595,0.107675,0
B9,2073.9171,103.30064,0.104959,0
B9,2074.4171,103.00855,0.105838,0
B9,2074.9171,101.48638,0.107113,0
B9,2075.4171,100.37789,0.108147,0
B9,2075.9171,99.351624,0.113376,0
B9,2076.4171,89.586296,0.141897,0
B9,2076.9171,78.084091,0.161381,0
B9,2077.4171,75.338783,0.150896,0
B9,2077.9171,74.333878,0.1363,0
B9,2078.4171,81.19326,0.122982,0
B9,2078.9171,89.615662,0.119325,0
B9,2079.4171,87.046951,0.122873,0
B9,2079.9171,82.293785,0.122959,0
B9,2080.4171,86.869606,0.117626,0
B9,2080.9171,93.299545,0.114796,0
B9,2081.4171,92.709435,0.116044,0
B9,2081.9171,90.724113,0.113131,0
B9,2082.4171,98.722023,0.104418,0
B9,2082.9171,108.70408,0.10419,0
B9,2083.4171,99.191124,0.115288,0
B9,2083.9171,85.803581,0.12112,0
B9,2084.4171,87.156113,0.118389,0
B9,2084.9171,91.438202,0.114246,0
B9,2085.4171,95.705338,0.110112,0
B9,2085.9171,99.969498,0.109546,0
B9,2086.4171,96.873009,0.113256,0
B9,2086.9171,92.313606,0.11892,0
B9,2087.4171,85.184265,0.139487,0
B9,2087.9171,77.544167,0.145753,0
B9,2088.4171,77.753365,0.131385,0
B9,2088.9171,79.522598,0.125218,0
B9,2089.4171,76.666985,0.128514,0
B9,2089.9171,72.892181,0.137007,0
B9,2090.4171,73.85524,0.142119,0
B9,2090.9171,75.759933,0.133651,0
B9,2091.4171,87.390724,0.114857,0
B9,2091.9171,100.95456,0.108652,0
B9,2092.4171,97.733955,0.113389,0
B9,2092.9171,91.17749,0.11465,0
B9,2093.4171,95.134109,0.109802,0
B9,2093.9171,101.18017,0.109775,0
B9,2094.4171,95.191101,0.116738,0
B9,2094.9171,86.810081,0.120612,0
B9,2095.4171,87.1968,0.119393,0
B9,2095.9171,89.326096,0.121753,0
B9,2096.4171,82.327194,0.127059,0
B9,2096.9171,73.514084,0.142176,0
B9,2097.4171,72.196671,0.152524,0
B9,2097.9171,72.369003,0.140201,0
B9,2098.4171,78.74231,0.125989,0
B9,2098.9171,86.348045,0.121251,0
B9,2099.4171,86.341331,0.121991,0
B9,2099.9171,84.821671,0.119394,0
B9,2100.4171,91.7005,0.111918,0
B9,2100.9171,100.24852,0.107752,0
B9,2101.4171,100.29744,0.108523,0
B9,2101.9171,98.657188,0.108655,0
B9,2102.4171,100.02569,0.107038,0
B9,2102.9171,101.99219,0.110487,0
B9,2103.4171,92.908989,0.120354,0
B9,2103.9171,81.629692,0.122983,0
B9,2104.4171,87.484032,0.115659,0
B9,2104.9171,96.743645,0.113947,0
B9,2105.4171,91.01767,0.120939,0
B9,2105.9171,82.313362,0.127014,0
B9,2106.4171,78.482651,0.13454,0
B9,2106.9171,75.62056,0.135271,0
B9,2107.4171,78.731544,0.127397,0
B9,2107.9171,83.029671,0.125324,0
B9,2108.4171,81.25293,0.127631,0
B9,2108.9171,78.268822,0.125648,0
B9,2109.4171,85.348106,0.117817,0
B9,2109.9171,94.427467,0.11602,0
B9,2110.4171,89.05571,0.122618,0
B9,2110.9171,80.811813,0.124424,0
B9,2111.4171,85.326805,0.118819,0
B9,2111.9171,92.377602,0.116848,0
B9,2112.4171,89.395912,0.120704,0
B9,2112.9171,84.420296,0.122747,0
B9,2113.4171,85.179932,0.121459,0
B9,2113.9171,87.07943,0.120858,0
B9,2114.4171,86.419632,0.121744,0
B9,2114.9171,85.25119,0.12112,0
B9,2115.4171,87.707687,0.118389,0
B9,2115.9171,90.884636,0.119132,0
B9,2116.4171,86.177032,0.124453,0
B9,2116.9171,79.902405,0.12621,0
B9,2117.4171,82.553238,0.122781,0
B9,2117.9171,86.977989,0.12094,0
B9,2118.4171,86.353096,0.122031,0
B9,2118.9171,84.724609,0.121975,0
B9,2119.4171,86.469513,0.119959,0
B9,2119.9171,88.884872,0.119025,0
B9,2120.4171,88.397186,0.119777,0
B9,2120.9171,87.33252,0.122252,0
B9,2121.4171,83.291641,0.126455,0
B9,2121.9171,78.659241,0.1356,0
B9,2122.4171,76.103004,0.124849,0
B9,2122.9171,73.959412,0.112796,0
B9,2123.4171,83.485252,0.115468,0
B9,2123.9171,95.330368,0.116938,0
B9,2124.4171,86.256973,0.12082,0
B9,2124.9171,73.026077,0.125855,0
B9,2125.4171,75.118721,0.129481,0
B9,2125.9171,80.256874,0.122556,0
B9,2126.4171,90.154221,0.112304,0
B9,2126.9171,100.99743,0.109469,0
B9,2127.4171,96.004471,0.115834,0
B9,2127.9171,87.864105,0.119004,0
B9,2128.4171,89.462364,0.116517,0
B9,2128.9171,92.996155,0.116259,0
B9,2129.4171,89.994225,0.119798,0
B9,2129.9171,85.693336,0.119362,0
B9,2130.4171,78.52066,0.132657,0
B9,2130.9171,70.777222,0.14526,0
B9,2131.4171,74.358925,0.135258,0
B9,2131.9171,80.191467,0.126512,0
B9,2132.4171,82.931808,0.123528,0
B9,2132.9171,85.057587,0.118886,0
B9,2133.4171,92.511887,0.111148,0
B9,2133.9171,101.02521,0.111336,0
B9,2134.4171,92.122078,0.121642,0
B9,2134.9171,79.757469,0.127339,0
B9,2135.4171,80.365852,0.1255,0
B9,2135.9171,83.552582,0.125349,0
B9,2136.4171,80.678833,0.130953,0
B9,2136.9171,76.600578,0.128877,0
B9,2137.4171,85.87925,0.116363,0
B9,2137.9171,97.812576,0.111039,0
B9,2138.4171,95.950134,0.114172,0
B9,2138.9171,91.345818,0.115542,0
B9,2139.4171,93.122681,0.113206,0
B9,2139.9171,96.167793,0.112572,0
B9,2140.4171,94.43071,0.114716,0
B9,2140.9171,91.743179,0.117379,0
B9,2141.4171,88.935799,0.120111,0
B9,2141.9171,86.104591,0.118329,0
B9,2142.4171,92.613182,0.111122,0
B9,2142.9171,100.97805,0.112503,0
B9,2143.4171,89.763687,0.129562,0
B9,2143.9171,74.658005,0.135153,0
B9,2144.4171,73.662437,0.141333,0
B9,2144.9171,75.471222,0.143293,0
B9,2145.4171,78.893097,0.128942,0
B9,2145.9171,82.635559,0.121943,0
B9,2146.4171,88.624382,0.115923,0
B9,2146.9171,95.059662,0.113231,0
B9,2147.4171,94.179268,0.114789,0
B9,2147.9171,91.844894,0.118333,0
B9,2148.4171,86.864197,0.123415,0
B9,2148.9171,81.357559,0.126069,0
B9,2149.4171,81.387085,0.125507,0
B9,2149.9171,82.516922,0.125117,0
B9,2150.4171,82.193687,0.12557,0
B9,2150.9171,81.58165,0.124416,3
B9,2151.4171,84.575912,0.121166,3
B9,2151.9171,88.286903,0.119468,3
B9,2152.4171,88.080719,0.120045,3
B9,2152.9171,87.096001,0.117487,3
B9,2153.4171,93.359222,0.110719,3
B9,2153.9171,101.06297,0.105903,3
B9,2154.4171,103.29813,0.104264,3
B9,2154.9171,104.44643,0.107198,3
B9,2155.4171,97.241989,0.114985,3
B9,2155.9171,88.377464,0.117735,3
B9,2156.4171,91.566933,0.113483,3
B9,2156.9171,97.152107,0.113584,3
B9,2157.4171,91.357719,0.120296,0
B9,2157.9171,83.301666,0.125253,0
B9,2158.4171,81.128105,0.126793,0
B9,2158.9171,80.123688,0.12552,0
B9,2159.4171,83.756569,0.121552,0
B9,2159.9171,88.311096,0.118557,0
B9,2160.4171,89.937706,0.117262,0
B9,2160.9171,90.982391,0.115798,0
B9,2161.4171,92.958786,0.113793,0
B9,2161.9171,95.120369,0.11472,0
B9,2162.4171,91.045853,0.119269,0
B9,2162.9171,85.731926,0.119883,0
B9,2163.4171,89.778633,0.11506,0
B9,2163.9171,95.685745,0.112486,0
B9,2164.4171,95.089302,0.113691,0
B9,2164.9171,93.200287,0.118,0
B9,2165.4171,86.196075,0.12405,0
B9,2165.9171,78.175232,0.124941,0
B9,2166.4171,83.852852,0.11935,0
B9,2166.9171,92.253006,0.11564,0
B9,2167.4171,92.012276,0.116706,0
B9,2167.9171,90.054176,0.118402,0
B9,2168.4171,88.513344,0.119856,0
B9,2168.9171,87.055443,0.119519,0
B9,2169.4171,89.208038,0.117084,0
B9,2169.9171,92.078209,0.115515,0
B9,2170.4171,92.446953,0.115398,0
B9,2170.9171,92.318542,0.117111,0
B9,2171.4171,88.911011,0.12073,0
B9,2171.9171,84.851761,0.123316,0
B9,2172.4171,83.574715,0.124286,0
B9,2172.9171,82.850616,0.123883,0
B9,2173.4171,84.404633,0.122158,0
B9,2173.9171,86.411423,0.121032,0
B9,2174.4171,86.727814,0.120889,0
B9,2174.9171,86.708252,0.122478,0
B9,2175.4171,83.449028,0.125948,0
B9,2175.9171,79.545929,0.142766,0
B9,2176.4171,74.841064,0.159581,0
B9,2176.9171,69.976852,0.150304,0
B9,2177.4171,73.930511,0.133645,0
B9,2177.9171,79.636703,0.128056,0
B9,2178.4171,79.421509,0.128635,0
B9,2178.9171,78.029449,0.127594,0
B9,2179.4171,81.569122,0.123688,0
B9,2179.9171,86.088959,0.121615,0
B9,2180.4171,85.848877,0.122306,0
B9,2180.9171,84.662766,0.124491,0
B9,2181.4171,81.340332,0.130084,0
B9,2181.9171,77.593292,0.129567,0
B9,2182.4171,83.296974,0.120961,0
B9,2182.9171,90.87896,0.116724,0
B9,2183.4171,91.153061,0.117162,0
B9,2183.9171,89.974739,0.118331,0
B9,2184.4171,88.74054,0.119532,0
B9,2184.9171,87.495232,0.117057,0
B9,2185.4171,93.846161,0.110171,0
B9,2185.9171,101.70683,0.109216,0
B9,2186.4171,95.816841,0.116249,0
B9,2186.9171,87.193947,0.11872,0
B9,2187.4171,90.717827,0.114135,0
B9,2187.9171,96.655846,0.111559,0
B9,2188.4171,96.033966,0.112793,0
B9,2188.9171,94.108337,0.111572,0
B9,2189.4171,98.554039,0.10665,0
B9,2189.9171,104.26603,0.107359,0
B9,2190.4171,97.090942,0.115554,0
B9,2190.9171,87.354591,0.123424,0
B9,2191.4171,80.850693,0.131745,0
B9,2191.9171,74.989243,0.129188,0
B9,2192.4171,73.270058,0.125769,0
B9,2192.9171,72.37413,0.121991,3
B9,2193.4171,75.500946,0.119198,3
B9,2193.9171,79.427261,0.130198,3
B9,2194.4171,76.489738,0.132519,3
B9,2194.9171,72.188042,0.139784,3
B9,2195.4171,75.907463,0.140358,3
B9,2195.9171,81.221062,0.128198,3
B9,2196.4171,81.319931,0.126574,3
B9,2196.9171,80.382378,0.136894,3
B9,2197.4171,72.440666,0.147845,3
B9,2197.9171,63.106899,0.147946,3
B9,2198.4171,65.530113,0.152216,3
B9,2198.9171,70.289993,0.141734,3
B9,2199.4171,70.178223,0.128779,0
B9,2199.9171,69.098213,0.129788,0
B9,2200.4171,78.655937,0.122703,0
B9,2200.9171,90.327896,0.118981,0
B9,2201.4171,87.044189,0.123604,0
B9,2201.9171,80.788071,0.125004,0
B9,2202.4171,84.156372,0.120812,0
B9,2202.9171,89.437492,0.115808,0
B9,2203.4171,94.483253,0.11094,0
B9,2203.9171,99.482239,0.109766,0
B9,2204.4171,96.908569,0.112989,0
B9,2204.9171,92.829842,0.113461,0
B9,2205.4171,95.932388,0.109763,0
B9,2205.9171,100.46219,0.109361,0
B9,2206.4171,96.762695,0.113739,0
B9,2206.9171,91.42765,0.116014,0
B9,2207.4171,92.067848,0.114819,0
B9,2207.9171,93.895615,0.1188,0
B9,2208.4171,83.85257,0.131265,0
B9,2208.9171,71.450233,0.135253,0
B9,2209.4171,76.273163,0.127331,0
B9,2209.9171,84.519569,0.125755,0
B9,2210.4171,78.873055,0.140723,0
B9,2210.9171,70.465347,0.143181,0
B9,2211.4171,77.144424,0.127099,0
B9,2211.9171,86.82196,0.120033,0
B9,2212.4171,88.379646,0.119305,0
B9,2212.9171,88.323532,0.11618,0
B9,2213.4171,94.828896,0.109244,0
B9,2213.9171,102.63833,0.108028,0
B9,2214.4171,97.337105,0.114429,0
B9,2214.9171,89.430176,0.117974,0
B9,2215.4171,90.020416,0.116584,0
B9,2215.9171,92.299454,0.116896,0
B9,2216.4171,89.375763,0.12023,0
B9,2216.9171,85.418053,0.120969,0
B9,2217.4171,87.851288,0.117996,0
B9,2217.9171,91.554703,0.116577,0
B9,2218.4171,90.779922,0.117759,0
B9,2218.9171,89.115105,0.119833,0
B9,2219.4171,86.500191,0.122459,0
B9,2219.9171,83.696449,0.125098,0
B9,2220.4171,81.053749,0.127643,0
B9,2220.9171,78.443069,0.126945,0
B9,2221.4171,82.495667,0.122376,0
B9,2221.9171,87.872581,0.11678,0
B9,2222.4171,94.043259,0.110723,0
B9,2222.9171,100.37169,0.106522,0
B9,2223.4171,102.71186,0.104638,0
B9,2223.9171,104.25937,0.10699,0
B9,2224.4171,97.859283,0.113958,0
B9,2224.9171,89.879639,0.118618,0
B9,2225.4171,88.242645,0.119594,0
B9,2225.9171,87.866234,0.122905,0
B9,2226.4171,81.408539,0.12485,0
B9,2226.9171,73.742195,0.125475,0
B9,2227.4171,78.109856,0.124982,0
B9,2227.9171,84.86924,0.119494,0
B9,2228.4171,91.444595,0.11314,0
B9,2228.9171,97.98336,0.111363,0
B9,2229.4171,95.110756,0.115053,0
B9,2229.9171,90.367668,0.115907,0
B9,2230.4171,93.349174,0.112274,0
B9,2230.9171,97.865929,0.110514,0
B9,2231.4171,96.981064,0.111891,0
B9,2231.9171,95.022652,0.116375,0
B9,2232.4171,87.729401,0.123957,0
B9,2232.9171,79.375854,0.127379,0
B9,2233.4171,80.667961,0.125197,0
B9,2233.9171,83.877113,0.119133,0
B9,2234.4171,93.182381,0.109528,0
B9,2234.9171,103.69923,0.103641,0
B9,2235.4171,105.33057,0.102915,0
B9,2235.9171,105.19592,0.105855,0
B9,2236.4171,99.264442,0.112162,0
B9,2236.9171,92.180847,0.11607,0
B9,2237.4171,91.198021,0.116435,0
B9,2237.9171,91.427704,0.120762,0
B9,2238.4171,82.271065,0.128652,0
B9,2238.9171,71.248924,0.128458,0
B9,2239.4171,81.896179,0.11794,0
B9,2239.9171,96.850174,0.115501,0
B9,2240.4171,87.702713,0.128464,0
B9,2240.9171,73.765144,0.133584,0
B9,2241.4171,77.863998,0.126099,0
B9,2241.9171,85.547546,0.124113,0
B9,2242.4171,81.233719,0.116984,0
B9,2242.9171,74.535439,0.113896,0
B9,2243.4171,82.494415,0.117236,0
B9,2243.9171,93.366486,0.116468,0
B9,2244.4171,89.192947,0.121962,0
B9,2244.9171,82.029137,0.12103,0
B9,2245.4171,91.116402,0.110657,0
B9,2245.9171,103.43354,0.102701,0
B9,2246.4171,107.53516,0.099517,0
B9,2246.9171,110.00398,0.101392,0
B9,2247.4171,103.66695,0.10838,0
B9,2247.9171,95.579781,0.116832,0
B9,2248.4171,86.226982,0.120145,0
B9,2248.9171,76.62265,0.123452,0
B9,2249.4171,74.942703,0.120363,0
B9,2249.9171,74.837723,0.117453,0
B9,2250.4171,81.458069,0.120217,0
B9,2250.9171,89.415054,0.119258,0
B9,2251.4171,87.386398,0.122185,0
B9,2251.9171,83.373123,0.123789,0
B9,2252.4171,84.078011,0.122651,0
B9,2252.9171,85.720627,0.120647,0
B9,2253.4171,88.214813,0.118148,0
B9,2253.9171,90.87825,0.113798,0
B9,2254.4171,97.191055,0.107328,0
B9,2254.9171,104.22915,0.106683,0
B9,2255.4171,98.521729,0.113442,0
B9,2255.9171,90.281166,0.119269,0
B9,2256.4171,86.496742,0.122507,0
B9,2256.9171,83.597969,0.124227,0
B9,2257.4171,82.949745,0.124639,0
B9,2257.9171,82.74881,0.122842,0
B9,2258.4171,86.657402,0.118657,0
B9,2258.9171,91.382767,0.11619,0
B9,2259.4171,91.747932,0.116256,0
B9,2259.9171,91.246513,0.118263,0
B9,2260.4171,87.607185,0.122093,0
B9,2260.9171,83.344208,0.125481,0
B9,2261.4171,80.61367,0.12798,0
B9,2261.9171,78.187714,0.124735,0
B9,2262.4171,87.311272,0.114781,0
B9,2262.9171,98.73027,0.109649,0
B9,2263.4171,97.899933,0.111633,0
B9,2263.9171,94.635056,0.111959,0
B9,2264.4171,97.226334,0.108884,0
B9,2264.9171,100.98151,0.111132,0
B9,2265.4171,92.58799,0.120437,0
B9,2265.9171,81.779945,0.132383,0
B9,2266.4171,74.009583,0.135859,0
B9,2266.9171,66.842957,0.130506,0
B9,2267.4171,77.200958,0.122541,0
B9,2267.9171,91.041939,0.116172,0
B9,2268.4171,92.128647,0.116347,0
B9,2268.9171,90.680481,0.119571,0
B9,2269.4171,85.475418,0.124977,0
B9,2269.9171,79.523697,0.122796,0
B9,2270.4171,89.976791,0.111085,0
B9,2270.9171,103.6903,0.105132,0
B9,2271.4171,102.2612,0.107976,0
B9,2271.9171,97.82254,0.111539,0
B9,2272.4171,94.908508,0.114217,0
B9,2272.9171,92.297493,0.113585,0
B9,2273.4171,96.212402,0.109161,0
B9,2273.9171,101.42434,0.110972,0
B9,2274.4171,92.475235,0.121009,0
B9,2274.9171,80.711662,0.126065,0
B9,2275.4171,82.041916,0.123515,0
B9,2275.9171,85.974533,0.1209,0
B9,2276.4171,87.437035,0.119721,0
B9,2276.9171,88.408615,0.119773,0
B9,2277.4171,87.329224,0.121017,0
B9,2277.9171,85.842209,0.120591,0
B9,2278.4171,88.208107,0.117927,0
B9,2278.9171,91.339775,0.11846,0
B9,2279.4171,87.107933,0.123271,0
B9,2279.9171,81.412621,0.12491,0
B9,2280.4171,83.723053,0.121901,0
B9,2280.9171,87.624611,0.119938,0
B9,2281.4171,87.773476,0.120155,0
B9,2281.9171,87.176491,0.116227,0
B9,2282.4171,95.880554,0.106896,0
B9,2282.9171,106.43317,0.103152,0
B9,2283.4171,103.60565,0.107181,0
B9,2283.9171,98.118874,0.112385,0
B9,2284.4171,92.865257,0.117454,0
B9,2284.9171,87.657967,0.120839,0
B9,2285.4171,85.879929,0.122233,0
B9,2285.9171,84.783447,0.122411,0
B9,2286.4171,85.512253,0.121528,0
B9,2286.9171,86.603836,0.123721,0
B9,2287.4171,80.987679,0.124621,0
B9,2287.9171,74.038383,0.11145,0
B9,2288.4171,76.321404,0.110675,0
B9,2288.9171,80.439331,0.120668,0
B9,2289.4171,87.547173,0.116354,0
B9,2289.9171,95.249245,0.113789,0
B9,2290.4171,92.838661,0.117099,0
B9,2290.9171,88.418221,0.118566,0
B9,2291.4171,89.810539,0.116657,0
B9,2291.9171,92.358131,0.115403,0
B9,2292.4171,92.399117,0.115605,0
B9,2292.9171,91.941933,0.118476,0
B9,2293.4171,86.473831,0.124258,0
B9,2293.9171,80.009827,0.126958,0
B9,2294.4171,80.901497,0.125385,0
B9,2294.9171,83.255096,0.121516,0
B9,2295.4171,88.885033,0.115745,0
B9,2295.9171,95.166138,0.115401,0
B9,2296.4171,89.594582,0.121942,0
B9,2296.9171,81.667351,0.123657,0
B9,2297.4171,86.05619,0.118218,0
B9,2297.9171,92.892815,0.115512,0
B9,2298.4171,91.639557,0.117505,0
B9,2298.9171,88.778465,0.116663,0
B9,2299.4171,93.377274,0.111487,0
B9,2299.9171,99.458725,0.107594,0
B9,2300.4171,101.41278,0.106098,0
B9,2300.9171,102.54653,0.11015,0
B9,2301.4171,93.051239,0.120376,0
B9,2301.9171,81.443459,0.125829,0
B9,2302.4171,81.797768,0.124334,0
B9,2302.9171,84.52951,0.124735,0
B9,2303.4171,80.969284,0.1501,0
B9,2303.9171,76.158554,0.150186,0
B9,2304.4171,89.529472,0.114168,0
B9,2304.9171,106.51395,0.1032,0
B9,2305.4171,103.42488,0.108128,0
B9,2305.9171,96.346237,0.115351,0
B9,2306.4171,88.520035,0.123007,0
B9,2306.9171,80.545258,0.124718,0
B9,2307.4171,84.989731,0.119214,0
B9,2307.9171,91.902496,0.114343,0
B9,2308.4171,95.04097,0.111665,0
B9,2308.9171,97.429314,0.111704,0
B9,2309.4171,94.962975,0.114562,0
B9,2309.9171,91.531784,0.118568,0
B9,2310.4171,86.692963,0.123394,0
B9,2310.9171,81.574379,0.125321,0
B9,2311.4171,76.567635,0.132279,0
B9,2311.9171,71.583115,0.135336,0
B9,2312.4171,77.520073,0.126413,0
B9,2312.9171,85.627655,0.124019,0
B9,2313.4171,81.34903,0.132982,0
B9,2313.9171,74.608681,0.133563,0
B9,2314.4171,81.636093,0.121802,0
B9,2314.9171,91.399818,0.115405,0
B9,2315.4171,93.351448,0.114266,0
B9,2315.9171,93.750443,0.114915,0
B9,2316.4171,92.014435,0.116803,0
B9,2316.9171,89.854088,0.118528,0
B9,2317.4171,88.452667,0.119813,0
B9,2317.9171,87.20208,0.120745,0
B9,2318.4171,86.529556,0.121341,0
B9,2318.9171,85.971924,0.120677,0
B9,2319.4171,87.90004,0.118568,0
B9,2319.9171,90.322182,0.120806,0
B9,2320.4171,83.283241,0.138931,0
B9,2320.9171,74.363937,0.150243,0
B9,2321.4171,74.365814,0.132208,0
B9,2321.9171,76.140747,0.11938,0
B9,2322.4171,83.230072,0.11878,0
B9,2322.9171,91.37561,0.113677,0
B9,2323.4171,96.944557,0.108528,0
B9,2323.9171,102.00141,0.107813,0
B9,2324.4171,98.417976,0.112118,0
B9,2324.9171,93.117294,0.117223,0
B9,2325.4171,87.883362,0.122289,0
B9,2325.9171,82.662697,0.123765,0
B9,2326.4171,84.839088,0.120943,0
B9,2326.9171,88.485626,0.119209,0
B9,2327.4171,88.417015,0.119633,0
B9,2327.9171,87.610023,0.121223,0
B9,2328.4171,85.137367,0.12378,0
B9,2328.9171,82.333656,0.125282,0
B9,2329.4171,82.037102,0.125327,0
B9,2329.9171,82.238838,0.131303,0
B9,2330.4171,77.937469,0.132469,0
B9,2330.9171,72.741112,0.124661,0
B9,2331.4171,84.081329,0.115515,0
B9,2331.9171,98.708145,0.111162,0
B9,2332.4171,94.799889,0.116735,0
B9,2332.9171,87.207848,0.119984,0
B9,2333.4171,88.096191,0.118306,0
B9,2333.9171,90.669991,0.118132,0
B9,2334.4171,88.45575,0.120738,0
B9,2334.9171,85.289886,0.120155,0
B9,2335.4171,89.660065,0.115194,0
B9,2335.9171,95.528008,0.112542,0
B9,2336.4171,95.133057,0.113528,0
B9,2336.9171,93.493362,0.116116,0
B9,2337.4171,89.794304,0.119899,0
B9,2337.9171,85.685944,0.121223,0
B9,2338.4171,74.565353,0.132777,0
B9,2338.9171,62.051102,0.133446,0
B9,2339.4171,64.766876,0.134351,0
B9,2339.9171,70.509583,0.137621,0
B9,2340.4171,72.947914,0.130105,0
B9,2340.9171,74.729507,0.128683,0
B9,2341.4171,82.071388,0.121397,0
B9,2341.9171,90.518364,0.118401,0
B9,2342.4171,88.050743,0.121844,0
B9,2342.9171,83.413872,0.127457,0
B9,2343.4171,76.441673,0.144356,0
B9,2343.9171,69.005341,0.14512,0
B9,2344.4171,78.959435,0.123881,0
B9,2344.9171,92.369835,0.11418,0
B9,2345.4171,94.909897,0.112765,0
B9,2345.9171,95.289505,0.113705,0
B9,2346.4171,92.970245,0.116213,0
B9,2346.9171,90.114594,0.136074,0
B9,2347.4171,79.311264,0.158552,0
B9,2347.9171,66.928345,0.131072,0
B9,2348.4171,71.368355,0.109972,0
B9,2348.9171,79.151894,0.122048,0
B9,2349.4171,83.773437,0.121808,0
B9,2349.9171,87.766548,0.116626,0
B9,2350.4171,94.466866,0.109871,0
B9,2350.9171,101.70523,0.106772,0
B9,2351.4171,100.86224,0.108367,0
B9,2351.9171,98.413086,0.111335,0
B9,2352.4171,94.738281,0.115015,0
B9,2352.9171,90.819885,0.117496,0
B9,2353.4171,89.61702,0.118401,0
B9,2353.9171,88.953865,0.118538,0
B9,2354.4171,89.332031,0.118072,0
B9,2354.9171,89.91716,0.114082,0
B9,2355.4171,97.565063,0.10599,0
B9,2355.9171,106.61669,0.106269,0
B9,2356.4171,96.988457,0.1174,0
B9,2356.9171,83.647652,0.124508,0
B9,2357.4171,82.31913,0.124639,0
B9,2357.9171,83.378021,0.124756,0
B9,2358.4171,82.075783,0.126246,0
B9,2358.9171,80.304276,0.125105,0
B9,2359.4171,84.430687,0.120538,0
B9,2359.9171,89.729294,0.117597,0
B9,2360.4171,90.499275,0.117287,0
B9,2360.9171,90.369202,0.114111,0
B9,2361.4171,97.05407,0.106976,0
B9,2361.9171,105.09339,0.110234,0
B9,2362.4171,90.330933,0.127923,0
B9,2362.9171,71.03669,0.131367,0
B9,2363.4171,73.444962,0.124768,0
B9,2363.9171,80.16655,0.126046,0
B9,2364.4171,80.586433,0.127235,0
B9,2364.9171,79.753868,0.124143,0
B9,2365.4171,86.966843,0.116378,0
B9,2365.9171,95.778847,0.112302,0
B9,2366.4171,95.377472,0.113578,0
B9,2366.9171,93.144966,0.113773,0
B9,2367.4171,94.975121,0.111608,0
B9,2367.9171,97.612717,0.111788,0
B9,2368.4171,94.602959,0.115249,0
B9,2368.9171,90.470802,0.116822,0
B9,2369.4171,91.357391,0.115479,0
B9,2369.9171,93.241455,0.115639,0
B9,2370.4171,91.028351,0.118179,0
B9,2370.9171,88.000954,0.119216,0
B9,2371.4171,88.887901,0.117979,0
B9,2371.9171,90.552818,0.116926,0
B9,2372.4171,91.059525,0.116546,0
B9,2372.9171,91.336029,0.117429,0
B9,2373.4171,89.239342,0.11969,0
B9,2373.9171,86.670982,0.123211,0
B9,2374.4171,81.972656,0.129993,0
B9,2374.9171,76.850998,0.128469,0
B9,2375.4171,85.948029,0.11626,0
B9,2375.9171,97.871002,0.109652,0
B9,2376.4171,98.753708,0.10986,0
B9,2376.9171,97.442177,0.112457,0
B9,2377.4171,93.393806,0.116644,0
B9,2377.9171,88.801483,0.120028,0
B9,2378.4171,86.410301,0.122134,0
B9,2378.9171,84.456589,0.124876,0
B9,2379.4171,80.752029,0.116573,0
B9,2379.9171,76.699493,0.113455,0
B9,2380.4171,82.23848,0.119225,0
B9,2380.9171,89.683746,0.118453,0
B9,2381.4171,88.778275,0.120135,0
B9,2381.9171,86.213104,0.122114,0
B9,2382.4171,84.69455,0.123484,0
B9,2382.9171,83.384003,0.123377,0
B9,2383.4171,84.916122,0.121618,0
B9,2383.9171,87.013222,0.120344,0
B9,2384.4171,87.546577,0.119978,0
B9,2384.9171,87.769135,0.118878,0
B9,2385.4171,89.815773,0.116719,0
B9,2385.9171,92.224937,0.120195,0
B9,2386.4171,82.642365,0.128465,0
B9,2386.9171,70.67646,0.14271,0
B9,2387.4171,73.82811,0.142439,0
B9,2387.9171,79.984337,0.129399,0
B9,2388.4171,80.155502,0.127742,0
B9,2388.9171,79.137154,0.126172,0
B9,2389.4171,83.39502,0.121538,0
B9,2389.9171,88.701515,0.12063,0
B9,2390.4171,85.268311,0.124798,0
B9,2390.9171,80.098106,0.124878,0
B9,2391.4171,85.105247,0.119046,0
B9,2391.9171,92.135117,0.113816,0
B9,2392.4171,95.898056,0.110483,0
B9,2392.9171,99.011688,0.112332,0
B9,2393.4171,92.082428,0.120015,0
B9,2393.9171,83.157173,0.122734,0
B9,2394.4171,86.471222,0.118343,0
B9,2394.9171,92.217804,0.114771,0
B9,2395.4171,93.842857,0.113593,0
B9,2395.9171,94.648773,0.11341,0
B9,2396.4171,94.221115,0.113943,0
B9,2396.9171,93.548286,0.115112,0
B9,2397.4171,91.808662,0.116901,0
B9,2397.9171,89.857018,0.120201,0
B9,2398.4171,84.998451,0.12519,0
B9,2398.9171,79.562157,0.1267,0
B9,2399.4171,81.88324,0.123703,0
B9,2399.9171,85.746078,0.119383,0
B9,2400.4171,90.797783,0.114372,0
B9,2400.9171,96.085777,0.113233,0
B9,2401.4171,93.149803,0.11687,0
B9,2401.9171,88.57933,0.118942,0
B9,2402.4171,88.874641,0.118187,0
B9,2402.9171,90.137024,0.118313,3
B9,2403.4171,88.613655,0.120058,3
B9,2403.9171,86.536629,0.120144,3
B9,2404.4171,88.435562,0.117921,3
B9,2404.9171,91.124695,0.117948,3
B9,2405.4171,88.381264,0.12113,3
B9,2405.9171,84.558113,0.121498,3
B9,2406.4171,87.620964,0.117867,3
B9,2406.9171,92.052391,0.121368,3
B9,2407.4171,80.396118,0.141258,3
B9,2407.9171,65.542458,0.144859,3
B9,2408.4171,75.855232,0.125395,0
B9,2408.9171,91.169769,0.115683,0
B9,2409.4171,93.007782,0.1152,0
B9,2409.9171,92.167358,0.11634,0
B9,2410.4171,90.655571,0.11787,0
B9,2410.9171,89.010353,0.117414,0
B9,2411.4171,91.595528,0.114501,0
B9,2411.9171,95.021484,0.11685,0
B9,2412.4171,86.749496,0.134465,0
B9,2412.9171,76.152573,0.139372,0
B9,2413.4171,80.098373,0.125676,0
B9,2413.9171,86.934494,0.121116,0
B9,2414.4171,86.033241,0.122734,0
B9,2414.9171,83.5942,0.121169,0
B9,2415.4171,89.26368,0.114894,0
B9,2415.9171,96.544701,0.111282,0
B9,2416.4171,96.715485,0.111801,0
B9,2416.9171,95.473129,0.113607,0
B9,2417.4171,92.988724,0.116135,0
B9,2417.9171,90.257477,0.119492,0
B9,2418.4171,86.06041,0.123701,0
B9,2418.9171,81.572029,0.122243,0
B9,2419.4171,89.069046,0.113823,0
B9,2419.9171,98.948128,0.110948,0
B9,2420.4171,95.002243,0.116103,0
B9,2420.9171,88.308685,0.120676,0
B9,2421.4171,85.564522,0.122956,0
B9,2421.9171,83.605286,0.125473,0
B9,2422.4171,80.368423,0.132781,0
B9,2422.9171,76.87764,0.132049,0
B9,2423.4171,83.539124,0.120568,0
B9,2423.9171,92.218338,0.115461,0
B9,2424.4171,92.418709,0.116083,0
B9,2424.9171,90.933922,0.118792,0
B9,2425.4171,86.827614,0.123024,0
B9,2425.9171,82.200287,0.125279,0
B9,2426.4171,82.175652,0.12486,0
B9,2426.9171,83.065788,0.123045,0
B9,2427.4171,85.920738,0.120089,0
B9,2427.9171,89.166183,0.120877,0
B9,2428.4171,84.295036,0.134863,0
B9,2428.9171,77.810745,0.138873,0
B9,2429.4171,79.499893,0.127965,0
B9,2429.9171,82.813499,0.135698,0
B9,2430.4171,77.471916,0.12532,0
B9,2430.9171,70.410126,0.111376,0
B9,2431.4171,81.42733,0.115347,0
B9,2431.9171,96.037697,0.111563,0
B9,2432.4171,96.644463,0.112322,0
B9,2432.9171,94.46804,0.115507,0
B9,2433.4171,90.073677,0.119979,0
B9,2433.9171,85.238503,0.12287,0
B9,2434.4171,84.1063,0.123611,0
B9,2434.9171,83.710045,0.122074,0
B9,2435.4171,87.27977,0.118232,0
B9,2435.9171,91.637726,0.11713,0
B9,2436.4171,89.554588,0.119769,0
B9,2436.9171,86.191299,0.12123,0
B9,2437.4171,86.540939,0.120533,0
B9,2437.9171,87.628517,0.119866,0
B9,2438.4171,87.918274,0.119662,0
B9,2438.9171,88.049477,0.117989,0
B9,2439.4171,91.369804,0.114464,0
B9,2439.9171,95.323959,0.113958,0
B9,2440.4171,92.415443,0.117438,0
B9,2440.9171,88.142975,0.11784,0
B9,2441.4171,91.585937,0.11376,0
B9,2441.9171,96.562325,0.112268,0
B9,2442.4171,94.663155,0.114771,0
B9,2442.9171,91.397491,0.114271,0
B9,2443.4171,95.693954,0.109379,0
B9,2443.9171,101.49336,0.102686,0
B9,2444.4171,109.50762,0.094705,0
B9,2444.9171,117.96206,0.09387,0
B9,2445.4171,111.23175,0.101855,0
B9,2445.9171,101.48351,0.109486,0
B9,2446.4171,95.485336,0.114937,0
B9,2446.9171,90.232483,0.115419,0
B9,2447.4171,94.490662,0.110377,0
B9,2447.9171,100.63913,0.109552,0
B9,2448.4171,96.192795,0.114881,0
B9,2448.9171,89.64077,0.119007,0
B9,2449.4171,87.678482,0.120467,0
B9,2449.9171,86.628395,0.117948,0
B9,2450.4171,92.876266,0.11119,0
B9,2450.9171,100.57459,0.11087,0
B9,2451.4171,93.536835,0.11911,0
B9,2451.9171,83.57032,0.125469,0
B9,2452.4171,80.414558,0.127872,0
B9,2452.9171,78.612419,0.133467,0
B9,2453.4171,77.12664,0.147646,0
B9,2453.9171,75.703743,0.143403,0
B9,2454.4171,82.533051,0.12322,0
B9,2454.9171,91.002449,0.114779,0
B9,2455.4171,95.039894,0.111294,0
B9,2455.9171,98.19651,0.110916,0
B9,2456.4171,95.819756,0.113752,0
B9,2456.9171,92.343254,0.115559,0
B9,2457.4171,92.090485,0.115493,0
B9,2457.9171,92.478416,0.119348,0
B9,2458.4171,84.13588,0.134318,0
B9,2458.9171,74.058182,0.138924,0
B9,2459.4171,77.10955,0.128659,0
B9,2459.9171,82.770271,0.124817,0
B9,2460.4171,82.560852,0.125584,0
B9,2460.9171,81.184753,0.125567,0
B9,2461.4171,82.596443,0.123931,0
B9,2461.9171,84.562202,0.124314,0
B9,2462.4171,81.80542,0.127441,0
B9,2462.9171,78.110054,0.127635,0
B9,2463.4171,81.404533,0.123769,0
B9,2463.9171,86.088219,0.12363,0
B9,2464.4171,81.692154,0.127081,0
B9,2464.9171,75.491516,0.127137,0
B9,2465.4171,80.884361,0.122478,0
B9,2465.9171,88.581383,0.121042,0
B9,2466.4171,84.53804,0.125427,0
B9,2466.9171,78.161324,0.127349,0
B9,2467.4171,80.300735,0.125119,0
B9,2467.9171,84.132713,0.123106,0
B9,2468.4171,84.728287,0.12284,3
B9,2468.9171,84.680626,0.140454,3
B9,2469.4171,77.638916,0.156023,3
B9,2469.9171,69.207161,0.141574,3
B9,2470.4171,80.352242,0.120816,3
B9,2470.9171,95.388176,0.11319,3
B9,2471.4171,93.936363,0.116184,3
B9,2471.9171,89.207649,0.118235,3
B9,2472.4171,89.704414,0.117251,3
B9,2472.9171,91.239723,0.115367,3
B9,2473.4171,93.592957,0.113007,3
B9,2473.9171,96.108749,0.116459,3
B9,2474.4171,86.468445,0.148652,3
B9,2474.9171,74.41214,0.156599,3
B9,2475.4171,78.959412,0.128914,3
B9,2475.9171,86.80661,0.117421,3
B9,2476.4171,93.786499,0.110739,3
B9,2476.9171,100.594,0.107893,3
B9,2477.4171,99.660583,0.109543,3
B9,2477.9171,97.188675,0.112202,3
B9,2478.4171,94.17276,0.115177,3
B9,2478.9171,91.048721,0.116362,3
B9,2479.4171,91.726036,0.11534,3
B9,2479.9171,93.158859,0.116462,3
B9,2480.4171,89.412331,0.120592,3
B9,2480.9171,84.636414,0.123527,3
B9,2481.4171,83.355835,0.124431,0
B9,2481.9171,82.769943,0.124292,0
B9,2482.4171,83.643478,0.123305,0
B9,2482.9171,84.807068,0.12276,0
B9,2483.4171,84.766777,0.122915,0
B9,2483.9171,84.487213,0.124941,0
B9,2484.4171,80.585068,0.132223,0
B9,2484.9171,75.962936,0.159822,0
B9,2485.4171,74.479187,0.158624,0
B9,2485.9171,73.619179,0.131284,0
B9,2486.4171,78.429916,0.125257,0
B9,2486.9171,84.367706,0.117127,0
B9,2487.4171,96.830605,0.10442,0
B9,2487.9171,110.59036,0.10367,0
B9,2488.4171,98.378387,0.118006,0
B9,2488.9171,81.004608,0.124669,0
B9,2489.4171,75.658882,0.124752,0
B9,2489.9171,72.70369,0.126089,0
B9,2490.4171,75.401093,0.126368,0
B9,2490.9171,79.221939,0.124673,0
B9,2491.4171,85.368027,0.118995,0
B9,2491.9171,91.97625,0.113249,0
B9,2492.4171,97.225494,0.108292,0
B9,2492.9171,102.20464,0.109956,0
B9,2493.4171,93.792671,0.119398,0
B9,2493.9171,82.719254,0.130607,0
B9,2494.4171,73.351845,0.150872,0
B9,2494.9171,64.323494,0.152384,0
B9,2495.4171,68.6427,0.129242,0
B9,2495.9171,75.6147,0.129646,0
B9,2496.4171,69.923958,0.137409,0
B9,2496.9171,61.716537,0.116874,0
B9,2497.4171,68.291679,0.110671,0
B9,2497.9171,77.804825,0.121986,0
B9,2498.4171,85.73468,0.118152,0
B9,2498.9171,93.349854,0.113009,0
B9,2499.4171,96.347656,0.110548,0
B9,2499.9171,98.42778,0.110185,0
B9,2500.4171,97.09774,0.111802,0
B9,2500.9171,95.089943,0.112165,0
B9,2501.4171,96.349487,0.110629,0
B9,2501.9171,98.258408,0.113152,0
B9,2502.4171,91.141022,0.12092,0
B9,2502.9171,82.229683,0.122529,0
B9,2503.4171,87.820732,0.115714,0
B9,2503.9171,96.29409,0.111067,0
B9,2504.4171,97.409531,0.110695,0
B9,2504.9171,97.062592,0.112281,0
B9,2505.4171,94.137939,0.115364,0
B9,2505.9171,90.700974,0.11706,0
B9,2506.4171,90.63578,0.116798,0
B9,2506.9171,91.240715,0.118979,0
B9,2507.4171,86.137062,0.124475,0
B9,2507.9171,79.898842,0.127317,0
B9,2508.4171,80.272667,0.126317,0
B9,2508.9171,81.960609,0.125277,0
B9,2509.4171,82.419945,0.124951,0
B9,2509.9171,82.635101,0.122472,0
B9,2510.4171,87.534538,0.117273,0
B9,2510.9171,93.364967,0.116501,0
B9,2511.4171,89.127319,0.121577,0
B9,2511.9171,82.88868,0.12317,0
B9,2512.4171,85.838982,0.119426,0
B9,2512.9171,90.61557,0.116406,0
B9,2513.4171,92.071686,0.115314,0
B9,2513.9171,92.867859,0.113012,0
B9,2514.4171,96.821587,0.108876,0
B9,2514.9171,101.40288,0.113091,0
B9,2515.4171,88.124596,0.138641,0
B9,2515.9171,71.296768,0.142114,0
B9,2516.4171,85.452911,0.114449,0
B9,2516.9171,105.76705,0.10252,0
B9,2517.4171,105.57686,0.104679,0
B9,2517.9171,101.3115,0.113555,0
B9,2518.4171,87.25769,0.127254,0
B9,2518.9171,71.258461,0.129292,0
B9,2519.4171,74.104073,0.124756,0
B9,2519.9171,80.695045,0.125132,0
B9,2520.4171,82.27652,0.124909,0
B9,2520.9171,82.862373,0.12163,0
B9,2521.4171,89.042763,0.115102,0
B9,2521.9171,96.335052,0.113558,0
B9,2522.4171,92.228439,0.118636,0
B9,2522.9171,85.856323,0.120648,0
B9,2523.4171,88.07843,0.117667,0
B9,2523.9171,92.008614,0.117886,0
B9,2524.4171,87.62455,0.122935,0
B9,2524.9171,81.588051,0.122679,0
B9,2525.4171,88.153748,0.115102,0
B9,2525.9171,97.224098,0.107532,0
B9,2526.4171,103.7762,0.101424,0
B9,2526.9171,109.82779,0.105008,0
B9,2527.4171,96.37899,0.12022,0
B9,2527.9171,79.05452,0.117464,0
B9,2528.4171,71.909744,0.118784,0
B9,2528.9171,66.788162,0.134783,0
B9,2529.4171,70.945702,0.134423,0
B9,2529.9171,76.947441,0.127598,0
B9,2530.4171,83.134789,0.121345,0
B9,2530.9171,89.359032,0.11606,0
B9,2531.4171,94.042686,0.111669,0
B9,2531.9171,98.420158,0.11243,0
B9,2532.4171,92.473038,0.119188,0
B9,2532.9171,84.473923,0.121962,0
B9,2533.4171,86.748253,0.118769,0
B9,2533.9171,91.0644,0.116238,0
B9,2534.4171,91.970245,0.115689,0
B9,2534.9171,92.198303,0.116459,0
B9,2535.4171,90.381493,0.118416,0
B9,2535.9171,88.158279,0.118781,0
B9,2536.4171,89.627556,0.117001,0
B9,2536.9171,91.830711,0.116839,0
B9,2537.4171,89.962349,0.119042,0
B9,2537.9171,87.28479,0.12086,0
B9,2538.4171,86.211288,0.121746,0
B9,2538.9171,85.456596,0.122306,0
B9,2539.4171,85.053383,0.122663,0
B9,2539.9171,84.720032,0.123025,0
B9,2540.4171,84.306473,0.123434,0
B9,2540.9171,83.876968,0.119749,0
B9,2541.4171,91.910385,0.111148,0
B9,2541.9171,101.62578,0.108549,0
B9,2542.4171,97.274673,0.114121,0
B9,2542.9171,90.127884,0.118066,0
B9,2543.4171,89.133278,0.118438,0
B9,2543.9171,89.361397,0.116267,0
B9,2544.4171,93.6119,0.11176,0
B9,2544.9171,98.661858,0.113986,0
B9,2545.4171,89.019524,0.122889,0
B9,2545.9171,76.457146,0.12649,0
B9,2546.4171,80.826096,0.122482,0
B9,2546.9171,88.560104,0.119008,0
B9,2547.4171,88.75663,0.119544,0
B9,2547.9171,87.455101,0.106795,0
B9,2548.4171,78.463921,0.117078,0
B9,2548.9171,67.944435,0.138899,0
B9,2549.4171,70.220474,0.139582,0
B9,2549.9171,75.039597,0.135149,0
B9,2550.4171,81.275101,0.12402,0
B9,2550.9171,87.792107,0.120487,0
B9,2551.4171,86.472595,0.12252,0
B9,2551.9171,83.595596,0.124336,0
B9,2552.4171,82.727715,0.124983,0
B9,2552.9171,82.259132,0.123022,0
B9,2553.4171,86.773666,0.118168,0
B9,2553.9171,92.278595,0.114372,0
B9,2554.4171,94.605118,0.112423,0
B9,2554.9171,96.299927,0.113219,0
B9,2555.4171,92.963707,0.116937,0
B9,2555.9171,88.627586,0.118936,0
B9,2556.4171,88.838654,0.118294,0
B9,2556.9171,89.953461,0.115644,0
B9,2557.4171,94.30632,0.111114,0
B9,2557.9171,99.302727,0.112133,0
B9,2558.4171,92.202629,0.120179,0
B9,2558.9171,82.698372,0.12476,0
B9,2559.4171,82.749146,0.12379,0
B9,2559.9171,84.698967,0.124548,0
B9,2560.4171,81.185265,0.124879,0
B9,2560.9171,76.585701,0.122958,0
B9,2561.4171,83.674431,0.118562,0
B9,2561.9171,93.086189,0.117881,0
B9,2562.4171,86.555977,0.124116,0
B9,2562.9171,76.85733,0.126399,0
B9,2563.4171,81.176834,0.122493,0
B9,2563.9171,88.282402,0.120597,0
B9,2564.4171,85.755196,0.123974,0
B9,2564.9171,81.313499,0.122329,0
B9,2565.4171,89.150291,0.113551,0
B9,2565.9171,99.427406,0.109688,0
B9,2566.4171,97.122177,0.113135,0
B9,2566.9171,92.316238,0.116022,0
B9,2567.4171,91.162445,0.116789,0
B9,2567.9171,90.734497,0.118351,0
B9,2568.4171,87.939018,0.121287,0
B9,2568.9171,84.673004,0.123476,0
B9,2569.4171,83.422791,0.124494,0
B9,2569.9171,82.573212,0.122323,0
B9,2570.4171,87.90377,0.116562,0
B9,2570.9171,94.462601,0.115546,0
B9,2571.4171,89.999123,0.120934,0
B9,2571.9171,83.344978,0.129914,0
B9,2572.4171,72.695488,0.143479,0
B9,2572.9171,61.251926,0.139502,0
B9,2573.4171,67.691963,0.127417,0
B9,2573.9171,77.686317,0.125507,0
B9,2574.4171,83.616478,0.121413,0
B9,2574.9171,88.738899,0.119429,0
B9,2575.4171,87.710587,0.121018,0
B9,2575.9171,85.459831,0.120686,0
B9,2576.4171,88.395531,0.117341,0
B9,2576.9171,92.36203,0.115081,0
B9,2577.4171,93.057549,0.114722,0
B9,2577.9171,93.102959,0.115948,0
B9,2578.4171,90.52771,0.118697,0
B9,2578.9171,87.43161,0.121681,0
B9,2579.4171,84.369965,0.124645,0
B9,2579.9171,81.315163,0.125334,0
B9,2580.4171,82.946877,0.123301,0
B9,2580.9171,85.510017,0.119743,0
B9,2581.4171,90.290627,0.114896,0
B9,2581.9171,95.511963,0.114183,0
B9,2582.4171,91.763519,0.118679,0
B9,2582.9171,86.232353,0.12016,0
B9,2583.4171,88.706474,0.116991,0
B9,2583.9171,92.771622,0.11495,0
B9,2584.4171,92.918747,0.115186,3
B9,2584.9171,92.28717,0.116468,3
B9,2585.4171,90.272324,0.118554,3
B9,2585.9171,87.982559,0.119079,3
B9,2586.4171,89.188499,0.117573,3
B9,2586.9171,91.089211,0.120235,3
B9,2587.4171,83.696487,0.131184,3
B9,2587.9171,74.456726,0.125404,0
B9,2588.4171,76.055313,0.117922,0
B9,2588.9171,79.807999,0.126368,0
B9,2589.4171,78.193138,0.130445,0
B9,2589.9171,75.511497,0.130083,0
B9,2590.4171,78.940903,0.126174,0
B9,2590.9171,83.584869,0.125672,0
B9,2591.4171,79.980927,0.133082,0
B9,2591.9171,74.737724,0.133023,0
B9,2592.4171,81.383057,0.122315,0
B9,2592.9171,90.391205,0.116994,0
B9,2593.4171,91.081985,0.117125,0
B9,2593.9171,90.11972,0.117782,0
B9,2594.4171,89.726692,0.118109,0
B9,2594.9171,89.446793,0.118778,0
B9,2595.4171,88.34594,0.119924,0
B9,2595.9171,87.081917,0.121406,0
B9,2596.4171,85.285858,0.123198,0
B9,2596.9171,83.384071,0.122387,0
B9,2597.4171,86.959061,0.118395,0
B9,2597.9171,91.622551,0.12118,0
B9,2598.4171,81.212723,0.138209,0
B9,2598.9171,67.807106,0.142056,0
B9,2599.4171,75.525703,0.127052,0
B9,2599.9171,87.44268,0.121359,0
B9,2600.4171,85.021988,0.125086,0
B9,2600.9171,79.751724,0.128268,0
B9,2601.4171,78.457581,0.129139,0
B9,2601.9171,77.953674,0.129054,0
B9,2602.4171,78.632912,0.128281,0
B9,2602.9171,79.547295,0.126585,0
B9,2603.4171,82.132385,0.12392,0
B9,2603.9171,85.04953,0.123035,0
B9,2604.4171,83.958099,0.124479,0
B9,2604.9171,82.069977,0.121124,0
B9,2605.4171,90.882515,0.111552,0
B9,2605.9171,101.82178,0.106682,0
B9,2606.4171,100.93373,0.108681,0
B9,2606.9171,97.695045,0.113523,0
B9,2607.4171,90.940109,0.120408,0
B9,2607.9171,83.486328,0.12081,0
B9,2608.4171,90.112198,0.113032,0
B9,2608.9171,99.536369,0.113185,0
B9,2609.4171,89.79734,0.123341,0
B9,2609.9171,76.24968,0.127646,0
B9,2610.4171,80.450737,0.122993,0
B9,2610.9171,88.179306,0.119856,0
B9,2611.4171,87.385124,0.121447,0
B9,2611.9171,84.897057,0.121366,0
B9,2612.4171,87.553909,0.118295,0
B9,2612.9171,91.233307,0.123337,0
B9,2613.4171,76.871132,0.144209,0
B9,2613.9171,58.923237,0.137089,0
B9,2614.4171,72.452477,0.113656,0
B9,2614.9171,92.237717,0.115947,0
B9,2615.4171,87.114937,0.126052,0
B9,2615.9171,77.04174,0.128935,0
B9,2616.4171,81.44117,0.12261,0
B9,2616.9171,88.716988,0.11907,0
B9,2617.4171,88.472389,0.120031,0
B9,2617.9171,86.733131,0.121914,0
B9,2618.4171,84.587143,0.124033,0
B9,2618.9171,82.360321,0.123345,0
B9,2619.4171,86.007416,0.119245,0
B9,2619.9171,90.821945,0.118048,0
B9,2620.4171,88.475708,0.121012,0
B9,2620.9171,84.706284,0.124712,0
B9,2621.4171,80.840508,0.131042,0
B9,2621.9171,76.955574,0.131784,0
B9,2622.4171,80.365654,0.125202,0
B9,2622.9171,85.225586,0.123514,0
B9,2623.4171,82.792618,0.126574,0
B9,2623.9171,78.91021,0.127557,0
B9,2624.4171,75.724358,0.136905,0
B9,2624.9171,72.676949,0.146268,0
B9,2625.4171,73.855339,0.130166,0
B9,2625.9171,75.873604,0.119121,0
B9,2626.4171,80.477776,0.122637,0
B9,2626.9171,85.595886,0.123003,0
B9,2627.4171,83.476295,0.125754,0
B9,2627.9171,79.918228,0.124401,0
B9,2628.4171,86.269302,0.117291,0
B9,2628.9171,94.589806,0.110307,0
B9,2629.4171,100.68302,0.104616,0
B9,2629.9171,106.33357,0.103572,0
B9,2630.4171,102.83843,0.10784,0
B9,2630.9171,97.525589,0.113121,0
B9,2631.4171,91.940353,0.11856,0
B9,2631.9171,86.300972,0.120878,0
B9,2632.4171,87.157005,0.119423,0
B9,2632.9171,89.303978,0.117912,0
B9,2633.4171,90.274773,0.117084,0
B9,2633.9171,91.01181,0.119318,0
B9,2634.4171,85.663765,0.125087,0
B9,2634.9171,79.106331,0.127437,0
B9,2635.4171,80.81588,0.124985,0
B9,2635.9171,84.168472,0.119754,0
B9,2636.4171,91.609787,0.112148,0
B9,2636.9171,99.863724,0.112505,0
B9,2637.4171,90.872887,0.117206,0
B9,2637.9171,78.454689,0.118891,0
B9,2638.4171,85.070251,0.11632,0
B9,2638.9171,95.468719,0.112442,0
B9,2639.4171,95.398468,0.113518,0
B9,2639.9171,93.247589,0.112815,0
B9,2640.4171,96.84906,0.10877,0
B9,2640.9171,101.5938,0.113113,0
B9,2641.4171,87.887627,0.14729,0
B9,2641.9171,70.514374,0.153876,0
B9,2642.4171,82.137604,0.120702,3
B9,2642.9171,99.523811,0.111121,3
B9,2643.4171,94.069893,0.118606,3
B9,2643.9171,84.076538,0.127351,3
B9,2644.4171,76.916878,0.143327,3
B9,2644.9171,70.320419,0.148961,3
B9,2645.4171,69.650017,0.148232,3
B9,2645.9171,70.157402,0.15201,3
B9,2646.4171,73.252075,0.141533,3
B9,2646.9171,76.86097,0.130939,3
B9,2647.4171,78.461884,0.128307,3
B9,2647.9171,79.663712,0.125921,3
B9,2648.4171,83.385612,0.122072,3
B9,2648.9171,87.608376,0.123156,3
B9,2649.4171,81.149078,0.127329,3
B9,2649.9171,72.566742,0.137808,3
B9,2650.4171,71.132881,0.152874,3
B9,2650.9171,71.119766,0.146462,3
B9,2651.4171,76.860703,0.129095,3
B9,2651.9171,83.745255,0.125422,3
B9,2652.4171,80.334579,0.12064,3
B9,2652.9171,74.877762,0.120312,3
B9,2653.4171,77.286812,0.1263,3
B9,2653.9171,81.259171,0.123352,3
B9,2654.4171,87.093414,0.117519,3
B9,2654.9171,93.297699,0.118196,3
B9,2655.4171,85.696388,0.130291,3
B9,2655.9171,75.35125,0.135131,3
B9,2656.4171,77.100426,0.128872,3
B9,2656.9171,81.253319,0.12313,3
B9,2657.4171,87.555969,0.116815,0
B9,2657.9171,94.285889,0.113823,0
B9,2658.4171,93.731422,0.115062,0
B9,2658.9171,91.729202,0.118437,0
B9,2659.4171,86.766167,0.123532,0
B9,2659.9171,81.214684,0.123395,0
B9,2660.4171,87.049217,0.116644,0
B9,2660.9171,95.14669,0.111832,0
B9,2661.4171,96.979591,0.110659,0
B9,2661.9171,97.567421,0.111346,0
B9,2662.4171,95.56163,0.11354,0
B9,2662.9171,93.040367,0.114711,0
B9,2663.4171,93.143791,0.114358,0
B9,2663.9171,93.768867,0.113806,0
B9,2664.4171,94.284126,0.113317,0
B9,2664.9171,94.777565,0.11449,0
B9,2665.4171,91.86367,0.117642,0
B9,2665.9171,88.272575,0.121486,0
B9,2666.4171,83.930489,0.125767,0
B9,2666.9171,79.439148,0.128567,0
B9,2667.4171,78.151825,0.129506,0
B9,2667.9171,77.501289,0.125345,0
B9,2668.4171,86.739616,0.115439,0
B9,2668.9171,97.943329,0.109644,0
B9,2669.4171,98.698463,0.109919,0
B9,2669.9171,97.376968,0.113606,0
B9,2670.4171,91.088966,0.120178,0
B9,2670.9171,83.813889,0.122703,0
B9,2671.4171,85.877335,0.119804,0
B9,2671.9171,89.796783,0.119339,0
B9,2672.4171,86.838295,0.122868,0
B9,2672.9171,82.51284,0.121343,0
B9,2673.4171,89.986885,0.112962,0
B9,2673.9171,99.806038,0.109226,0
B9,2674.4171,97.69648,0.11242,0
B9,2674.9171,93.216125,0.115589,0
B9,2675.4171,91.158485,0.11735,0
B9,2675.9171,89.582359,0.11476,0
B9,2676.4171,96.502022,0.107235,0
B9,2676.9171,105.1102,0.102596,0
B9,2677.4171,106.07506,0.102397,0
B9,2677.9171,105.52082,0.106012,0
B9,2678.4171,98.616463,0.113315,0
B9,2678.9171,90.450035,0.118046,0
B9,2679.4171,88.853142,0.11896,0
B9,2679.9171,88.56192,0.116653,0
B9,2680.4171,93.61544,0.111241,0
B9,2680.9171,99.731209,0.110211,0
B9,2681.4171,95.739563,0.115053,0
B9,2681.9171,89.73909,0.122158,0
B9,2682.4171,81.079437,0.126363,0
B9,2682.9171,71.891273,0.134682,0
B9,2683.4171,75.01165,0.13616,0
B9,2683.9171,80.578323,0.12697,0
B9,2684.4171,82.876755,0.123812,0
B9,2684.9171,84.525635,0.118434,0
B9,2685.4171,93.976318,0.108523,0
B9,2685.9171,104.97759,0.104722,0
B9,2686.4171,101.82192,0.109144,0
B9,2686.9171,95.8526,0.117081,0
B9,2687.4171,85.442886,0.141693,0
B9,2687.9171,74.150658,0.140302,0
B9,2688.4171,72.389488,0.123891,0
B9,2688.9171,72.522598,0.127441,0
B9,2689.4171,80.570595,0.121982,0
B9,2689.9171,90.19165,0.117548,0
B9,2690.4171,90.137833,0.118532,0
B9,2690.9171,88.161156,0.116569,0
B9,2691.4171,94.188126,0.109958,0
B9,2691.9171,101.80581,0.109811,0
B9,2692.4171,94.490967,0.118339,0
B9,2692.9171,84.208328,0.122142,0
B9,2693.4171,86.641022,0.11856,0
B9,2693.9171,91.600853,0.116067,0
B9,2694.4171,91.784225,0.11635,0
B9,2694.9171,91.018295,0.118094,0
B9,2695.4171,88.186501,0.121037,0
B9,2695.9171,84.944115,0.121559,0
B9,2696.4171,87.110138,0.118939,0
B9,2696.9171,90.351067,0.118422,0
B9,2697.4171,88.177269,0.121049,0
B9,2697.9171,84.927315,0.123211,0
B9,2698.4171,83.715637,0.124189,0
B9,2698.9171,82.909058,0.126714,0
B9,2699.4171,76.923241,0.128302,0
B9,2699.9171,69.908066,0.139324,0
B9,2700.4171,73.372498,0.141546,0
B9,2700.9171,78.919724,0.127717,0
B9,2701.4171,84.29686,0.120646,0
B9,2701.9171,89.64019,0.114942,0
B9,2702.4171,96.068542,0.108608,0
B9,2702.9171,102.71253,0.106084,0
B9,2703.4171,101.27606,0.108254,0
B9,2703.9171,98.233612,0.111359,0
B9,2704.4171,94.867966,0.114652,0
B9,2704.9171,91.438087,0.117024,0
B9,2705.4171,89.972458,0.118255,0
B9,2705.9171,88.897217,0.120007,0
B9,2706.4171,86.357491,0.122609,0
B9,2706.9171,83.526695,0.120665,0
B9,2707.4171,90.371262,0.1131,0
B9,2707.9171,99.138779,0.11107,0
B9,2708.4171,94.560257,0.116792,0
B9,2708.9171,87.329239,0.119726,0
B9,2709.4171,88.504967,0.117777,0
B9,2709.9171,91.351524,0.115873,0
B9,2710.4171,92.434677,0.114993,0
B9,2710.9171,93.167351,0.117345,0
B9,2711.4171,87.582619,0.123366,0
B9,2711.9171,80.742317,0.125339,0
B9,2712.4171,83.510078,0.121731,0
B9,2712.9171,88.187424,0.117828,0
B9,2713.4171,91.564545,0.11468,0
B9,2713.9171,94.683243,0.114355,0
B9,2714.4171,92.235672,0.117263,0
B9,2714.9171,88.681824,0.116471,0
B9,2715.4171,93.86985,0.110601,0
B9,2715.9171,100.79531,0.109626,0
B9,2716.4171,95.882141,0.115527,0
B9,2716.9171,88.616074,0.120036,0
B9,2717.4171,86.578178,0.121508,0
B9,2717.9171,85.579376,0.122832,0
B9,2718.4171,83.847603,0.124581,0
B9,2718.9171,81.970154,0.125335,0
B9,2719.4171,82.290977,0.124812,0
B9,2719.9171,83.048698,0.134771,0
B9,2720.4171,77.763649,0.145752,0
B9,2720.9171,71.277626,0.139306,0
B9,2721.4171,76.571365,0.127765,0
B9,2721.9171,84.206306,0.123441,0
B9,2722.4171,83.964302,0.124434,0
B9,2722.9171,82.156761,0.126933,0
B9,2723.4171,78.807777,0.130635,0
B9,2723.9171,75.152435,0.128787,0
B9,2724.4171,82.748268,0.120033,0
B9,2724.9171,92.580254,0.11555,0
B9,2725.4171,91.874008,0.117249,0
B9,2725.9171,89.073318,0.118104,0
B9,2726.4171,90.109818,0.11673,0
B9,2726.9171,91.908943,0.117542,0
B9,2727.4171,88.432671,0.12142,0
B9,2727.9171,83.907928,0.123949,0
B9,2728.4171,83.212608,0.124254,0
B9,2728.9171,83.278374,0.124133,0
B9,2729.4171,83.46225,0.123944,0
B9,2729.9171,83.669594,0.124166,0
B9,2730.4171,83.003639,0.124896,0
B9,2730.9171,82.164108,0.124118,0
B9,2731.4171,84.607941,0.121434,0
B9,2731.9171,87.704323,0.116816,0
B9,2732.4171,94.136581,0.110261,0
B9,2732.9171,101.23182,0.110273,0
B9,2733.4171,94.110741,0.118544,0
B9,2733.9171,84.164185,0.125778,0
B9,2734.4171,79.182816,0.119767,0
B9,2734.9171,75.188255,0.116686,0
B9,2735.4171,81.292473,0.120157,0
B9,2735.9171,89.403801,0.115247,0
B9,2736.4171,95.674309,0.109348,0
B9,2736.9171,101.57896,0.113084,0
B9,2737.4171,87.963776,0.136437,0
B9,2737.9171,70.46907,0.14398,0
B9,2738.4171,74.881378,0.129229,0
B9,2738.9171,83.647652,0.124273,0
B9,2739.4171,82.625107,0.126294,0
B9,2739.9171,79.657043,0.126583,0
B9,2740.4171,82.02713,0.123772,0
B9,2740.9171,85.458145,0.120924,0
B9,2741.4171,87.90419,0.118649,0
B9,2741.9171,90.154472,0.119292,0
B9,2742.4171,86.575989,0.123322,0
B9,2742.9171,81.83905,0.123269,0
B9,2743.4171,86.685265,0.117649,0
B9,2743.9171,93.436111,0.11596,0
B9,2744.4171,90.17083,0.120089,0
B9,2744.9171,84.914879,0.121714,0
B9,2745.4171,86.818069,0.11918,0
B9,2745.9171,90.144127,0.118767,0
B9,2746.4171,87.671204,0.121722,0
B9,2746.9171,84.045753,0.128316,0
B9,2747.4171,76.921547,0.138535,0
B9,2747.9171,69.101974,0.133303,0
B9,2748.4171,74.648476,0.122573,0
B9,2748.9171,82.851448,0.124351,0
B9,2749.4171,81.190292,0.133025,0
B9,2749.9171,77.568665,0.134041,0
B9,2750.4171,81.154274,0.124848,0
B9,2750.9171,86.17231,0.120382,0
B9,2751.4171,88.309639,0.118588,0
B9,2751.9171,89.874443,0.117205,0
B9,2752.4171,91.16378,0.115981,0
B9,2752.9171,92.398369,0.117693,0
B9,2753.4171,87.631554,0.122891,0
B9,2753.9171,81.671974,0.122861,0
B9,2754.4171,87.695091,0.11587,0
B9,2754.9171,96.099731,0.1123,0
B9,2755.4171,95.060463,0.114216,0
B9,2755.9171,92.144234,0.113316,0
B9,2756.4171,96.919548,0.107947,0
B9,2756.9171,103.22353,0.107394,0
B9,2757.4171,98.061584,0.113501,0
B9,2757.9171,90.620819,0.118753,0
B9,2758.4171,87.222908,0.121656,0
B9,2758.9171,84.62851,0.125832,0
B9,2759.4171,78.60569,0.133215,0
B9,2759.9171,71.901482,0.133497,0
B9,2760.4171,78.521912,0.124582,0
B9,2760.9171,87.790596,0.120393,0
B9,2761.4171,86.669144,0.12248,0
B9,2761.9171,83.482666,0.122621,0
B9,2762.4171,86.37841,0.119229,0
B9,2762.9171,90.482979,0.119668,0
B9,2763.4171,85.473083,0.125401,0
B9,2763.9171,78.651711,0.127542,0
B9,2764.4171,81.054413,0.124325,0
B9,2764.9171,85.29039,0.121245,0
B9,2765.4171,87.409866,0.119395,0
B9,2765.9171,89.108681,0.118833,0
B9,2766.4171,88.57093,0.119569,0
B9,2766.9171,87.588669,0.119944,0
B9,2767.4171,87.797638,0.119627,0
B9,2767.9171,88.243362,0.11882,0
B9,2768.4171,89.46257,0.117564,0
B9,2768.9171,90.83551,0.115546,0
B9,2769.4171,93.625053,0.112706,0
B9,2769.9171,96.696159,0.114593,0
B9,2770.4171,89.732025,0.122309,0
B9,2770.9171,80.773399,0.127289,0
B9,2771.4171,79.45546,0.12783,0
B9,2771.9171,79.65609,0.127478,0
B9,2772.4171,80.181267,0.126938,0
B9,2772.9171,80.770943,0.124966,0
B9,2773.4171,84.251312,0.121314,0
B9,2773.9171,88.306206,0.117026,0
B9,2774.4171,93.100342,0.112309,0
B9,2774.9171,98.041397,0.115138,0
B9,2775.4171,87.259499,0.121574,0
B9,2775.9171,73.352707,0.124937,0
B9,2776.4171,78.053078,0.124118,0
B9,2776.9171,86.451591,0.119823,0
B9,2777.4171,89.183693,0.117721,0
B9,2777.9171,90.789604,0.117231,0
B9,2778.4171,90.194695,0.118019,0
B9,2778.9171,89.162376,0.116683,0
B9,2779.4171,92.952866,0.112545,0
B9,2779.9171,97.701881,0.112698,0
B9,2780.4171,92.634064,0.118555,0
B9,2780.9171,85.615173,0.120329,0
B9,2781.4171,88.977051,0.116071,0
B9,2781.9171,94.402069,0.113036,0
B9,2782.4171,95.240257,0.112665,0
B9,2782.9171,95.166824,0.115822,0
B9,2783.4171,88.724754,0.122679,0
B9,2783.9171,81.01693,0.125905,0
B9,2784.4171,75.822929,0.12492,0
B9,2784.9171,71.128532,0.12308,0
B9,2785.4171,75.336128,0.123112,0
B9,2785.9171,81.312965,0.122444,0
B9,2786.4171,87.241997,0.117511,0
B9,2786.9171,93.161537,0.113391,0
B9,2787.4171,95.746857,0.111207,0
B9,2787.9171,97.66951,0.110809,0
B9,2788.4171,96.568886,0.112167,0
B9,2788.9171,94.867393,0.114711,0
B9,2789.4171,91.319321,0.118327,0
B9,2789.9171,87.404259,0.118558,0
B9,2790.4171,90.8423,0.114518,0
B9,2790.9171,95.741745,0.112725,0
B9,2791.4171,94.539589,0.114478,0
B9,2791.9171,92.124763,0.114997,0
B9,2792.4171,93.468369,0.113333,0
B9,2792.9171,95.558952,0.115639,0
B9,2793.4171,88.710228,0.123138,0
B9,2793.9171,80.084839,0.125727,0
B9,2794.4171,83.367516,0.121399,0
B9,2794.9171,89.016891,0.11759,0
B9,2795.4171,91.227829,0.115778,0
B9,2795.9171,92.755386,0.114596,0
B9,2796.4171,93.667854,0.11377,0
B9,2796.9171,94.458076,0.112268,0
B9,2797.4171,96.766029,0.109886,0
B9,2797.9171,99.375626,0.10675,0
B9,2798.4171,103.23684,0.102888,0
B9,2798.9171,107.34682,0.101302,0
B9,2799.4171,106.50848,0.102591,0
B9,2799.9171,104.68668,0.107495,0
B9,2800.4171,96.389008,0.116161,0
B9,2800.9171,86.804283,0.12238,0
B9,2801.4171,83.555145,0.124918,0
B9,2801.9171,81.565186,0.124812,0
B9,2802.4171,83.773277,0.122268,0
B9,2802.9171,86.815727,0.121149,0
B9,2803.4171,86.083267,0.122223,0
B9,2803.9171,84.600548,0.120405,0
B9,2804.4171,89.833496,0.114687,0
B9,2804.9171,96.401161,0.113402,0
B9,2805.4171,92.484962,0.118207,0
B9,2805.9171,86.485123,0.119233,0
B9,2806.4171,90.365814,0.114521,0
B9,2806.9171,96.210243,0.109476,0
B9,2807.4171,100.77754,0.105172,0
B9,2807.9171,105.09101,0.105106,0
B9,2808.4171,100.9147,0.109972,0
B9,2808.9171,95.051048,0.115338,0
B9,2809.4171,89.841202,0.120324,0
B9,2809.9171,84.761292,0.121434,0
B9,2810.4171,87.549759,0.117973,0
B9,2810.9171,91.902054,0.115685,0
B9,2811.4171,92.27282,0.115709,0
B9,2811.9171,91.852264,0.114028,0
B9,2812.4171,95.742432,0.109843,0
B9,2812.9171,100.48933,0.111666,0
B9,2813.4171,91.979698,0.121189,0
B9,2813.9171,80.835365,0.124574,0
B9,2814.4171,84.993942,0.11907,0
B9,2814.9171,92.193947,0.115972,0
B9,2815.4171,91.387489,0.117525,0
B9,2815.9171,88.989761,0.118097,0
B9,2816.4171,90.207283,0.116569,0
B9,2816.9171,92.143333,0.116247,0
B9,2817.4171,90.870766,0.117789,0
B9,2817.9171,88.960503,0.117476,0
B9,2818.4171,91.517197,0.114568,0
B9,2818.9171,94.961678,0.11211,0
B9,2819.4171,96.591286,0.110705,0
B9,2819.9171,97.860191,0.113424,0
B9,2820.4171,90.981133,0.120876,0
B9,2820.9171,82.482697,0.123136,0
B9,2821.4171,86.316177,0.118233,0
B9,2821.9171,92.600594,0.11504,0
B9,2822.4171,92.904312,0.115322,0
B9,2822.9171,92.019386,0.118581,0
B9,2823.4171,86.178864,0.124719,0
B9,2823.9171,79.353439,0.127988,0
B9,2824.4171,79.432022,0.127247,0
B9,2824.9171,80.882751,0.123404,0
B9,2825.4171,87.36348,0.116638,0
B9,2825.9171,94.843903,0.114524,0
B9,2826.4171,91.726967,0.118565,0
B9,2826.9171,86.50383,0.124722,0
B9,2827.4171,79.020882,0.150347,0
B9,2827.9171,71.088806,0.152966,0
B9,2828.4171,81.061836,0.123422,0
B9,2828.9171,94.59346,0.117266,0
B9,2829.4171,86.318832,0.123705,0
B9,2829.9171,73.710258,0.126993,0
B9,2830.4171,78.0243,0.124863,0
B9,2830.9171,85.701668,0.122016,0
B9,2831.4171,85.408783,0.123067,0
B9,2831.9171,83.531845,0.122594,0
B9,2832.4171,86.385796,0.119372,0
B9,2832.9171,90.179993,0.114695,0
B9,2833.4171,96.038864,0.108817,0
B9,2833.9171,102.30809,0.108819,0
B9,2834.4171,96.035378,0.116107,0
B9,2834.9171,87.269981,0.121709,0
B9,2835.4171,84.474236,0.123843,0
B9,2835.9171,82.864952,0.123024,0
B9,2836.4171,86.164696,0.119353,0
B9,2836.9171,90.440102,0.120274,0
B9,2837.4171,84.264359,0.126792,0
B9,2837.9171,76.011475,0.127455,0
B9,2838.4171,82.702019,0.120006,0
B9,2838.9171,92.362526,0.115735,0
B9,2839.4171,91.707779,0.117364,0
B9,2839.9171,89.002899,0.120231,0
B9,2840.4171,85.789978,0.123394,0
B9,2840.9171,82.476082,0.125977,0
B9,2841.4171,80.461166,0.127804,0
B9,2841.9171,78.704422,0.124644,0
B9,2842.4171,86.982857,0.115654,0
B9,2842.9171,97.255753,0.110854,0
B9,2843.4171,96.887276,0.112237,0
B9,2843.9171,94.403854,0.117439,0
B9,2844.4171,86.151947,0.138045,0
B9,2844.9171,76.753563,0.142168,0
B9,2845.4171,82.587303,0.122994,0
B9,2845.9171,91.448395,0.115771,0
B9,2846.4171,92.548454,0.115453,0
B9,2846.9171,92.106041,0.118704,0
B9,2847.4171,85.83889,0.123526,0
B9,2847.9171,78.414085,0.121365,0
B9,2848.4171,89.554985,0.110592,0
B9,2848.9171,104.38577,0.105224,0
B9,2849.4171,101.37622,0.10986,0
B9,2849.9171,94.82093,0.115549,0
B9,2850.4171,89.635178,0.120442,0
B9,2850.9171,84.721611,0.120381,0
B9,2851.4171,89.762817,0.114536,0
B9,2851.9171,96.782516,0.113729,0
B9,2852.4171,91.428017,0.12011,0
B9,2852.9171,83.614182,0.12398,0
B9,2853.4171,83.440765,0.123412,0
B9,2853.9171,84.785866,0.123048,0
B9,2854.4171,84.193581,0.123808,0
B9,2854.9171,83.21624,0.120617,0
B9,2855.4171,75.524628,0.128685,0
B9,2855.9171,66.498573,0.149585,0
B9,2856.4171,70.596451,0.146537,0
B9,2856.9171,77.302689,0.130234,0
B9,2857.4171,81.291702,0.124477,0
B9,2857.9171,84.740662,0.122881,0
B9,2858.4171,84.584831,0.123379,0
B9,2858.9171,83.712563,0.122492,0
B9,2859.4171,86.415146,0.119528,0
B9,2859.9171,89.828217,0.118961,0
B9,2860.4171,87.585701,0.121679,0
B9,2860.9171,84.219154,0.121437,0
B9,2861.4171,88.0858,0.116993,0
B9,2861.9171,93.39003,0.111054,0
B9,2862.4171,100.34213,0.104158,0
B9,2862.9171,107.62174,0.103083,0
B9,2863.4171,102.5605,0.109176,0
B9,2863.9171,95.046539,0.114625,0
B9,2864.4171,91.315025,0.117877,0
B9,2864.9171,88.335266,0.118388,0
B9,2865.4171,90.260399,0.11605,0
B9,2865.9171,93.160378,0.113816,0
B9,2866.4171,94.871651,0.112272,0
B9,2866.9171,96.346672,0.108788,0
B9,2867.4171,102.06111,0.102842,0
B9,2867.9171,108.61813,0.101438,0
B9,2868.4171,104.95765,0.105969,0
B9,2868.9171,99.266472,0.113771,0
B9,2869.4171,88.857788,0.118652,0
B9,2869.9171,77.511513,0.120663,0
B9,2870.4171,82.386497,0.120036,0
B9,2870.9171,90.485428,0.118516,0
B9,2871.4171,87.84594,0.122109,0
B9,2871.9171,83.072212,0.123532,0
B9,2872.4171,84.910439,0.121114,0
B9,2872.9171,88.062775,0.117894,0
B9,2873.4171,91.554199,0.114478,0
B9,2873.9171,95.113007,0.114537,0
B9,2874.4171,91.431786,0.118801,0
B9,2874.9171,86.311623,0.121517,0
B9,2875.4171,85.827637,0.121539,0
B9,2875.9171,86.265076,0.124461,0
B9,2876.4171,79.797791,0.138065,0
B9,2876.9171,71.958221,0.139785,0
B9,2877.4171,78.9841,0.124874,0
B9,2877.9171,88.964455,0.117619,0
B9,2878.4171,91.218887,0.116179,0
B9,2878.9171,91.93782,0.116423,0
B9,2879.4171,90.715378,0.117795,0
B9,2879.9171,89.107086,0.117033,0
B9,2880.4171,92.286263,0.113491,0
B9,2880.9171,96.416931,0.114539,0
B9,2881.4171,90.123672,0.121642,0
B9,2881.9171,81.758682,0.126176,0
B9,2882.4171,80.765625,0.126429,0
B9,2882.9171,81.237717,0.125911,0
B9,2883.4171,81.834244,0.125321,0
B9,2883.9171,82.455513,0.123343,0
B9,2884.4171,77.109833,0.140283,0
B9,2884.9171,70.578239,0.151301,0
B9,2885.4171,73.174706,0.137209,0
B9,2885.9171,77.585342,0.128917,0
B9,2886.4171,80.290504,0.125971,0
B9,2886.9171,82.656715,0.124174,0
B9,2887.4171,83.998337,0.122973,0
B9,2887.9171,85.136322,0.120901,0
B9,2888.4171,88.274055,0.117667,0
B9,2888.9171,91.809235,0.11446,0
B9,2889.4171,94.89267,0.111515,0
B9,2889.9171,97.886314,0.107402,0
B9,2890.4171,103.38171,0.101835,0
B9,2890.9171,109.37432,0.101727,0
B9,2891.4171,103.60437,0.108452,0
B9,2891.9171,95.496643,0.113944,0
B9,2892.4171,92.269821,0.116601,0
B9,2892.9171,90.013069,0.119043,0
B9,2893.4171,87.23201,0.121788,0
B9,2893.9171,84.346748,0.125177,0
B9,2894.4171,80.23877,0.11323,0
B9,2894.9171,75.887779,0.106711,0
B9,2895.4171,87.112274,0.110379,0
B9,2895.9171,101.43236,0.108285,0
B9,2896.4171,98.012077,0.113309,0
B9,2896.9171,91.065948,0.11559,0
B9,2897.4171,93.305771,0.112534,0
B9,2897.9171,97.371277,0.114908,0
B9,2898.4171,88.40609,0.109729,0
B9,2898.9171,76.851097,0.110721,0
B9,2899.4171,80.157654,0.121208,0
B9,2899.9171,86.417908,0.118273,0
B9,2900.4171,92.414719,0.112487,0
B9,2900.9171,98.359169,0.113566,0
B9,2901.4171,90.187195,0.122846,0
B9,2901.9171,79.209618,0.126602,0
B9,2902.4171,82.435471,0.122108,0
B9,2902.9171,88.484215,0.117642,0
B9,2903.4171,91.652222,0.114849,0
B9,2903.9171,94.247688,0.112333,0
B9,2904.4171,96.844582,0.109816,0
B9,2904.9171,99.441757,0.111641,0
B9,2905.4171,93.079033,0.118671,0
B9,2905.9171,84.935547,0.122327,0
B9,2906.4171,85.533936,0.120904,0
B9,2906.9171,87.869743,0.121477,0
B9,2907.4171,84.352417,0.125449,0
B9,2907.9171,79.671799,0.124848,0
B9,2908.4171,85.594994,0.118086,0
B9,2908.9171,93.625679,0.119201,0
B9,2909.4171,83.292671,0.117843,0
B9,2909.9171,69.309929,0.118425,0
B9,2910.4171,76.704414,0.12234,0
B9,2910.9171,88.347572,0.119361,0
B9,2911.4171,88.240112,0.120597,0
B9,2911.9171,85.797241,0.121772,0
B9,2912.4171,85.817009,0.121515,0
B9,2912.9171,86.326225,0.120316,0
B9,2913.4171,88.291618,0.118271,0
B9,2913.9171,90.546417,0.118937,0
B9,2914.4171,86.917763,0.12302,0
B9,2914.9171,82.119781,0.1265,0
B9,2915.4171,79.735153,0.128579,0
B9,2915.9171,77.830177,0.126569,0
B9,2916.4171,83.883698,0.119936,0
B9,2916.9171,91.518951,0.117144,0
B9,2917.4171,89.645119,0.119876,0
B9,2917.9171,85.881386,0.117067,0
B9,2918.4171,95.441711,0.106518,0
B9,2918.9171,107.65016,0.101472,0
B9,2919.4171,105.85508,0.10456,0
B9,2919.9171,101.27682,0.110715,0
B9,2920.4171,93.153358,0.118929,0
B9,2920.9171,84.325294,0.122431,0
B9,2921.4171,85.927658,0.119874,0
B9,2921.9171,89.60305,0.115383,0
B9,2922.4171,95.196342,0.109777,0
B9,2922.9171,101.1708,0.106242,0
B9,2923.4171,102.49024,0.105411,0
B9,2923.9171,102.88449,0.106862,0
B9,2924.4171,99.498001,0.110508,0
B9,2924.9171,95.360092,0.112792,0
B9,2925.4171,94.785637,0.113005,0
B9,2925.9171,94.919411,0.112783,0
B9,2926.4171,95.242203,0.112453,0
B9,2926.9171,95.602554,0.114133,0
B9,2927.4171,91.774826,0.118246,0
B9,2927.9171,87.114723,0.123575,0
B9,2928.4171,80.778,0.13042,0
B9,2928.9171,74.108047,0.130641,0
B9,2929.4171,80.543533,0.1226,0
B9,2929.9171,89.583702,0.117428,0
B9,2930.4171,90.995285,0.116793,0
B9,2930.9171,90.890709,0.117278,0
B9,2931.4171,89.995766,0.118221,0
B9,2931.9171,88.943733,0.118186,0
B9,2932.4171,90.069855,0.116885,0
B9,2932.9171,91.628883,0.115988,0
B9,2933.4171,91.920883,0.115827,0
B9,2933.9171,91.961067,0.119275,0
B9,2934.4171,84.806015,0.141901,0
B9,2934.9171,76.22094,0.145582,0
B9,2935.4171,83.362373,0.122146,0
B9,2935.9171,93.62941,0.112655,0
B9,2936.4171,96.797089,0.110268,0
B9,2936.9171,98.55378,0.112604,0
B9,2937.4171,91.978279,0.119779,0
B9,2937.9171,83.746765,0.123977,0
B9,2938.4171,83.316841,0.123642,0
B9,2938.9171,84.437469,0.12248,0
B9,2939.4171,85.714333,0.121227,0
B9,2939.9171,87.02224,0.119954,0
B9,2940.4171,88.341942,0.118674,0
B9,2940.9171,89.664001,0.118626,0
B9,2941.4171,88.44062,0.120057,0
B9,2941.9171,86.711342,0.121511,0
B9,2942.4171,85.439301,0.1227,0
B9,2942.9171,84.258133,0.121705,0
B9,2943.4171,87.492561,0.118146,0
B9,2943.9171,91.604576,0.115281,0
B9,2944.4171,93.404419,0.113759,0
B9,2944.9171,94.744736,0.113885,0
B9,2945.4171,93.143707,0.11572,0
B9,2945.9171,90.958099,0.117904,0
B9,2946.4171,88.637688,0.120165,0
B9,2946.9171,86.290482,0.120043,0
B9,2947.4171,88.890823,0.117047,0
B9,2947.9171,92.47448,0.116882,0
B9,2948.4171,89.230453,0.120684,0
B9,2948.9171,84.629448,0.115736,0
B9,2949.4171,73.908508,0.122896,0
B9,2949.9171,61.971252,0.130058,0
B9,2950.4171,68.633049,0.12414,0
B9,2950.9171,78.991364,0.122453,0
B9,2951.4171,88.139549,0.115194,0
B9,2951.9171,97.047226,0.112206,0
B9,2952.4171,94.304909,0.115986,0
B9,2952.9171,89.247185,0.1215,0
B9,2953.4171,82.927139,0.120632,0
B9,2953.9171,76.356216,0.120197,0
B9,2954.4171,80.906044,0.121831,0
B9,2954.9171,87.6661,0.117351,0
B9,2955.4171,93.069038,0.112246,0
B9,2955.9171,98.202255,0.113049,0
B9,2956.4171,91.413277,0.120776,0
B9,2956.9171,82.254791,0.124547,0
B9,2957.4171,83.630882,0.1222,0
B9,2957.9171,87.1007,0.121113,0
B9,2958.4171,85.873604,0.122754,0
B9,2958.9171,83.713005,0.126279,0
B9,2959.4171,78.600029,0.122308,0
B9,2959.9171,72.900276,0.121057,0
B9,2960.4171,77.403503,0.12492,0
B9,2960.9171,83.934547,0.120981,0
B9,2961.4171,89.31118,0.115881,0
B9,2961.9171,94.458374,0.114948,0
B9,2962.4171,91.237801,0.118874,0
B9,2962.9171,86.354149,0.122454,0
B9,2963.4171,83.851387,0.124651,0
B9,2963.9171,81.821823,0.126523,0
B9,2964.4171,79.987648,0.128282,0
B9,2964.9171,78.192307,0.128984,0
B9,2965.4171,78.538506,0.128442,0
B9,2965.9171,79.310326,0.125297,0
B9,2966.4171,85.030212,0.119277,0
B9,2966.9171,91.733513,0.116617,0
B9,2967.4171,90.518547,0.118557,0
B9,2967.9171,87.729843,0.120836,0
B9,2968.4171,85.815407,0.122607,0
B9,2968.9171,84.074722,0.122995,0
B9,2969.4171,85.015259,0.121825,0
B9,2969.9171,86.488678,0.1247,0
B9,2970.4171,79.081894,0.137507,0
B9,2970.9171,69.910194,0.134382,0
B9,2971.4171,74.857483,0.122238,0
B9,2971.9171,82.610893,0.121022,0
B9,2972.4171,88.037727,0.117204,0
B9,2972.9171,93.002151,0.118668,0
B9,2973.4171,85.017197,0.111568,0
B9,2973.9171,74.458588,0.128669,0
B9,2974.4171,66.393219,0.155978,0
B9,2974.9171,58.823368,0.137773,0
B9,2975.4171,67.760818,0.121939,0
B9,2975.9171,79.97905,0.121979,0
B9,2976.4171,87.209862,0.117389,0
B9,2976.9171,93.44944,0.116026,0
B9,2977.4171,90.020897,0.12028,0
B9,2977.9171,84.670837,0.120846,0
B9,2978.4171,88.852211,0.115876,0
B9,2978.9171,94.927933,0.115462,0
B9,2979.4171,89.705841,0.121612,0
B9,2979.9171,82.238335,0.112908,0
B9,2980.4171,75.026619,0.101657,0
B9,2980.9171,67.86573,0.112687,0
B9,2981.4171,78.721352,0.118648,0
B9,2981.9171,93.1577,0.114497,0
B9,2982.4171,93.46933,0.115555,0
B9,2982.9171,90.973701,0.11565,0
B9,2983.4171,93.272598,0.11296,0
B9,2983.9171,96.524399,0.111278,0
B9,2984.4171,96.74408,0.111357,0
B9,2984.9171,96.361122,0.113671,0
B9,2985.4171,91.969559,0.118313,0
B9,2985.9171,86.781296,0.124137,0
B9,2986.4171,79.951035,0.125795,0
B9,2986.9171,72.794426,0.125213,0
B9,2987.4171,79.053139,0.122975,0
B9,2987.9171,87.978104,0.119977,0
B9,2988.4171,87.338387,0.121519,0
B9,2988.9171,84.797714,0.120685,0
B9,2989.4171,89.06028,0.115898,0
B9,2989.9171,94.674973,0.115536,0
B9,2990.4171,89.80677,0.121264,0
B9,2990.9171,82.855118,,0
B9,2991.4171,,,0
B9,2991.9171,,,0
C1,1902.2873,65.398468,0.212594,2
C1,1902.7873,63.724239,0.215923,2
C1,1903.2873,60.516582,0.22236,2
C1,1903.7873,56.173977,0.231563,2
C1,1904.2873,52.384277,0.24328,2
C1,1904.7873,49.003807,0.247451,2
C1,1905.2873,47.606663,0.236632,2
C1,1905.7873,47.677456,0.225,2
C1,1906.2873,48.955952,0.223051,2
C1,1906.7873,51.128311,0.223577,2
C1,1907.2873,53.97337,0.221244,2
C1,1907.7873,57.316315,0.216948,2
C1,1908.2873,62.571495,0.211353,2
C1,1908.7873,69.241982,0.204442,1
C1,1909.2873,77.56974,0.196201,1
C1,1909.7873,87.1241,0.188024,1
C1,1910.2873,95.313759,0.180942,1
C1,1910.7873,102.49335,0.176468,1
C1,1911.2873,105.02096,0.175725,1
C1,1911.7873,104.10549,0.178199,1
C1,1912.2873,99.653641,0.183508,1
C1,1912.7873,92.584389,0.190397,1
C1,1913.2873,84.70594,0.197933,2
C1,1913.7873,76.228569,0.204975,2
C1,1914.2873,69.426201,0.210673,2
C1,1914.7873,63.863564,0.214391,2
C1,1915.2873,61.35828,0.215657,2
C1,1915.7873,61.115852,0.214549,2
C1,1916.2873,63.764301,0.211122,2
C1,1916.7873,68.552391,0.206958,2
C1,1917.2873,72.799011,0.203229,2
C1,1917.7873,76.644875,0.200813,2
C1,1918.2873,78.042641,0.200359,2
C1,1918.7873,77.628487,0.201574,1
C1,1919.2873,75.406754,0.204238,1
C1,1919.7873,71.847168,0.206253,1
C1,1920.2873,71.034348,0.206065,1
C1,1920.7873,72.254517,0.203836,1
C1,1921.2873,75.871017,0.199686,1
C1,1921.7873,81.261131,0.194388,1
C1,1922.2873,87.367805,0.188516,1
C1,1922.7873,94.004837,0.183239,1
C1,1923.2873,98.81929,0.179423,1
C1,1923.7873,102.28479,0.177505,3
C1,1924.2873,102.98107,0.177808,3
C1,1924.7873,101.62775,0.179787,1
C1,1925.2873,98.6838,0.183043,1
C1,1925.7873,94.562553,0.187783,1
C1,1926.2873,88.399254,0.19416,1
C1,1926.7873,80.724556,0.201039,1
C1,1927.2873,73.471207,0.20758,2
C1,1927.7873,66.529709,0.215208,2
C1,1928.2873,61.206089,0.224977,2
C1,1928.7873,57.07991,0.230155,2
C1,1929.2873,56.316429,0.22576,2
C1,1929.7873,58.041794,0.218398,2
C1,1930.2873,61.656303,0.21296,2
C1,1930.7873,66.669037,0.208749,2
C1,1931.2873,70.793938,0.20525,1
C1,1931.7873,74.261719,0.203007,1
C1,1932.2873,75.663002,0.202421,3
C1,1932.7873,75.53479,0.203188,3
C1,1933.2873,73.997452,0.205086,3
C1,1933.7873,71.417183,0.207132,3
C1,1934.2873,69.557388,0.2086,1
C1,1934.7873,68.230843,0.20962,1
C1,1935.2873,67.342918,0.210289,2
C1,1935.7873,66.77964,0.210623,2
C1,1936.2873,66.616295,0.210638,2
C1,1936.7873,66.748947,0.210088,2
C1,1937.2873,67.809746,0.208793,2
C1,1937.7873,69.557503,0.206306,2
C1,1938.2873,73.209129,0.202291,2
C1,1938.7873,78.269875,0.197577,2
C1,1939.2873,83.439461,0.192775,2
C1,1939.7873,88.68959,0.189418,2
C1,1940.2873,90.722672,0.188642,2
C1,1940.7873,90.374695,0.190007,2
C1,1941.2873,87.760414,0.193189,2
C1,1941.7873,83.468758,0.196417,2
C1,1942.2873,80.755692,0.198379,2
C1,1942.7873,79.210991,0.198822,2
C1,1943.2873,79.795555,0.197557,2
C1,1943.7873,81.95607,0.195432,2
C1,1944.2873,84.406204,0.193075,1
C1,1944.7873,87.070702,0.19203,1
C1,1945.2873,86.673637,0.19344,1
C1,1945.7873,84.010605,0.196481,1
C1,1946.2873,80.074532,0.200543,1
C1,1946.7873,75.196236,0.205246,1
C1,1947.2873,69.871078,0.210306,2
C1,1947.7873,64.215179,0.214682,2
C1,1948.2873,60.374462,0.217603,2
C1,1948.7873,57.877235,0.218555,2
C1,1949.2873,58.307259,0.217161,2
C1,1949.7873,60.903839,0.188516,2
C1,1950.2873,64.351112,0.140048,2
C1,1950.7873,68.428009,0.117057,2
C1,1951.2873,72.707672,0.113044,1
C1,1951.7873,77.137421,0.110259,0
C1,1952.2873,78.750847,0.109732,1
C1,1952.7873,78.279816,0.110002,0
C1,1953.2873,78.165764,0.109985,1
C1,1953.7873,78.315926,0.110086,0
C1,1954.2873,77.947807,0.110602,1
C1,1954.7873,77.196091,0.110879,0
C1,1955.2873,77.346405,0.110433,0
C1,1955.7873,78.164337,0.110275,1
C1,1956.2873,77.689445,0.111153,1
C1,1956.7873,76.257683,0.112966,0
C1,1957.2873,73.756516,0.115636,0
C1,1957.7873,70.463837,0.118834,1
C1,1958.2873,66.816437,0.122317,1
C1,1958.7873,62.906498,0.125107,1
C1,1959.2873,60.761906,0.126481,1
C1,1959.7873,59.923904,0.12604,1
C1,1960.2873,61.718563,0.123488,1
C1,1960.7873,65.461739,0.119181,1
C1,1961.2873,71.065651,0.113381,1
C1,1961.7873,78.046761,0.107218,1
C1,1962.2873,84.439774,0.101527,0
C1,1962.7873,90.397507,0.097028,0
C1,1963.2873,94.201462,0.094257,0
C1,1963.7873,96.411316,0.093202,0
C1,1964.2873,96.490814,0.093855,0
C1,1964.7873,94.993561,0.095727,0
C1,1965.2873,92.427139,0.098458,0
C1,1965.7873,89.069389,0.101255,0
C1,1966.2873,86.356392,0.103536,0
C1,1966.7873,84.120613,0.104824,3
C1,1967.2873,83.562393,0.104766,0
C1,1967.7873,84.245796,0.103755,0
C1,1968.2873,85.756897,0.102079,0
C1,1968.7873,87.8806,0.100485,0
C1,1969.2873,89.216934,0.099521,0
C1,1969.7873,89.970505,0.100131,0
C1,1970.2873,87.894875,0.103009,0
C1,1970.7873,83.725243,0.107165,0
C1,1971.2873,78.87574,0.111867,1
C1,1971.7873,73.523041,0.116154,1
C1,1972.2873,69.573433,0.119316,1
C1,1972.7873,66.662292,0.120733,1
C1,1973.2873,66.498131,0.119947,1
C1,1973.7873,68.367104,0.11743,1
C1,1974.2873,71.959007,0.113532,1
C1,1974.7873,76.826103,0.108866,1
C1,1975.2873,82.084396,0.103886,0
C1,1975.7873,87.632233,0.099366,0
C1,1976.2873,91.893623,0.095877,0
C1,1976.7873,95.202866,0.094059,0
C1,1977.2873,95.838318,0.094385,0
C1,1977.7873,94.494804,0.096825,0
C1,1978.2873,90.544159,0.101356,0
C1,1978.7873,84.663887,0.106469,0
C1,1979.2873,79.450523,0.111046,2
C1,1979.7873,74.730759,0.114404,2
C1,1980.2873,72.161285,0.116039,2
C1,1980.7873,71.183304,0.116346,2
C1,1981.2873,71.495186,0.115619,1
C1,1981.7873,72.761726,0.115254,1
C1,1982.2873,72.28775,0.116284,1
C1,1982.7873,70.525543,0.118471,1
C1,1983.2873,67.541801,0.121638,1
C1,1983.7873,63.653961,0.124902,1
C1,1984.2873,60.458961,0.12761,1
C1,1984.7873,57.776752,0.129022,1
C1,1985.2873,57.39473,0.12859,1
C1,1985.7873,58.715153,0.126866,1
C1,1986.2873,61.13369,0.124263,1
C1,1986.7873,64.364983,0.121159,1
C1,1987.2873,67.869537,0.117836,1
C1,1987.7873,71.576347,0.114493,1
C1,1988.2873,75.122322,0.11128,1
C1,1988.7873,78.549248,0.108507,0
C1,1989.2873,81.140747,0.106404,0
C1,1989.7873,83.113914,0.105268,0
C1,1990.2873,83.603767,0.105323,0
C1,1990.7873,82.995781,0.106272,0
C1,1991.2873,81.544128,0.107898,0
C1,1991.7873,79.468048,0.109643,0
C1,1992.2873,77.757492,0.111095,1
C1,1992.7873,76.317459,0.112195,1
C1,1993.2873,75.368698,0.112902,1
C1,1993.7873,74.783546,0.113645,1
C1,1994.2873,73.756783,0.114742,1
C1,1994.7873,72.40316,0.115644,1
C1,1995.2873,71.799271,0.115945,1
C1,1995.7873,71.750275,0.11534,1
C1,1996.2873,73.110321,0.113606,1
C1,1996.7873,75.51326,0.11067,1
C1,1997.2873,79.482063,0.106478,0
C1,1997.7873,84.609825,0.102281,0
C1,1998.2873,88.589767,0.099004,0
C1,1998.7873,91.720177,0.097266,0
C1,1999.2873,92.361977,0.097524,0
C1,1999.7873,91.161858,0.098931,0
C1,2000.2873,89.308746,0.100862,0
C1,2000.7873,86.972343,0.101641,3
C1,2001.2873,87.618134,0.100028,3
C1,2001.7873,90.471153,0.095451,3
C1,2002.2873,97.550766,0.087485,3
C1,2002.7873,107.75863,0.077904,3
C1,2003.2873,118.34116,0.068023,0
C1,2003.7873,129.201,0.060593,0
C1,2004.2873,136.7849,0.05765,0
C1,2004.7873,141.94414,0.054138,0
C1,2005.2873,144.13916,0.046311,0
C1,2005.7873,144.14024,0.049375,0
C1,2006.2873,143.91251,0.074585,0
C1,2006.7873,143.5154,0.088257,0
C1,2007.2873,144.49632,0.065458,0
C1,2007.7873,146.49719,0.03679,0
C1,2008.2873,149.22084,0.024898,0
C1,2008.7873,152.47942,0.026384,0
C1,2009.2873,155.02232,0.038731,0
C1,2009.7873,157.03555,0.046395,0
C1,2010.2873,156.33475,0.037872,0
C1,2010.7873,153.62518,0.03203,0
C1,2011.2873,146.91992,0.042832,0
C1,2011.7873,137.25726,0.059288,0
C1,2012.2873,125.09467,0.07326,0
C1,2012.7873,111.08178,0.085698,0
C1,2013.2873,98.103447,0.097306,0
C1,2013.7873,85.890839,0.107015,1
C1,2014.2873,77.037033,0.11403,1
C1,2014.7873,70.669197,0.118941,1
C1,2015.2873,66.379997,0.122185,1
C1,2015.7873,63.629265,0.125755,1
C1,2016.2873,60.162689,0.13113,2
C1,2016.7873,56.166294,0.137851,2
C1,2017.2873,50.921806,0.145578,2
C1,2017.7873,44.753559,0.149298,2
C1,2018.2873,39.364059,0.145297,2
C1,2018.7873,34.55093,0.140239,2
C1,2019.2873,32.4146,0.139058,2
C1,2019.7873,32.259464,0.137382,2
C1,2020.2873,34.520786,0.131976,2
C1,2020.7873,38.570614,0.128208,2
C1,2021.2873,43.253593,0.130054,2
C1,2021.7873,48.405193,0.132287,2
C1,2022.2873,52.764755,0.131036,2
C1,2022.7873,56.538101,0.12877,2
C1,2023.2873,58.834671,0.127317,2
C1,2023.7873,60.038223,0.126682,2
C1,2024.2873,60.212502,0.126872,2
C1,2024.7873,59.624981,0.12724,2
C1,2025.2873,59.415432,0.127304,2
C1,2025.7873,59.485634,0.126584,2
C1,2026.2873,60.975502,0.124727,2
C1,2026.7873,63.516109,0.121847,2
C1,2027.2873,67.224838,0.118031,2
C1,2027.7873,71.798126,0.114205,1
C1,2028.2873,75.526756,0.111056,1
C1,2028.7873,78.630226,0.109556,1
C1,2029.2873,78.784271,0.11042,1
C1,2029.7873,76.755348,0.113787,1
C1,2030.2873,71.478592,0.119757,2
C1,2030.7873,63.798,0.125172,2
C1,2031.2873,54.987774,0.127693,2
C1,2031.7873,45.341457,0.130427,2
C1,2032.2873,38.138237,0.135677,2
C1,2032.7873,32.743237,0.145246,2
C1,2033.2873,30.661293,0.160472,2
C1,2033.7873,31.031464,0.172329,2
C1,2034.2873,32.725273,0.17414,2
C1,2034.7873,35.398762,0.169668,2
C1,2035.2873,37.618759,0.161699,1
C1,2035.7873,39.503113,0.149652,1
C1,2036.2873,41.172485,0.133098,1
C1,2036.7873,42.682747,0.126289,2
C1,2037.2873,45.608349,0.139772,2
C1,2037.7873,49.581497,0.150684,2
C1,2038.2873,53.873512,0.142105,2
C1,2038.7873,58.401531,0.129216,2
C1,2039.2873,62.208721,0.123253,1
C1,2039.7873,65.482399,0.120471,1
C1,2040.2873,68.245079,0.118099,1
C1,2040.7873,70.629539,0.115635,1
C1,2041.2873,73.592522,0.112707,1
C1,2041.7873,76.983688,0.109424,1
C1,2042.2873,80.717308,0.105866,0
C1,2042.7873,84.704391,0.102691,0
C1,2043.2873,87.605644,0.100388,0
C1,2043.7873,89.703255,0.099016,0
C1,2044.2873,90.582161,0.098621,0
C1,2044.7873,90.559067,0.098877,0
C1,2045.2873,90.027206,0.099541,0
C1,2045.7873,89.118774,0.100203,0
C1,2046.2873,88.592743,0.100557,0
C1,2046.7873,88.349739,0.100691,0
C1,2047.2873,88.301109,0.100669,0
C1,2047.7873,88.396339,0.100577,0
C1,2048.2873,88.500603,0.100478,0
C1,2048.7873,88.611557,0.100521,0
C1,2049.2873,88.408463,0.100815,0
C1,2049.7873,87.972946,0.101293,0
C1,2050.2873,87.370537,0.101905,0
C1,2050.7873,86.644615,0.102602,0
C1,2051.2873,85.858658,0.103347,0
C1,2051.7873,85.028282,0.104213,0
C1,2052.2873,83.978706,0.105256,0
C1,2052.7873,82.766891,0.106584,0
C1,2053.2873,81.095253,0.108281,1
C1,2053.7873,79.083267,0.110213,1
C1,2054.2873,76.902832,0.112281,1
C1,2054.7873,74.59771,0.114086,1
C1,2055.2873,72.986099,0.115335,1
C1,2055.7873,71.887779,0.115796,1
C1,2056.2873,71.985237,0.115298,1
C1,2056.7873,72.967735,0.114029,1
C1,2057.2873,74.738731,0.112128,1
C1,2057.7873,77.093323,0.110287,1
C1,2058.2873,78.735367,0.109016,0
C1,2058.7873,79.850044,0.108616,0
C1,2059.2873,79.603966,0.109307,0
C1,2059.7873,78.350739,0.110696,1
C1,2060.2873,76.590149,0.112492,1
C1,2060.7873,74.454033,0.114091,1
C1,2061.2873,73.119308,0.115048,1
C1,2061.7873,72.377724,0.115284,1
C1,2062.2873,72.605148,0.114744,1
C1,2062.7873,73.549782,0.113747,1
C1,2063.2873,74.767792,0.112532,1
C1,2063.7873,76.188148,0.111077,1
C1,2064.2873,77.924614,0.109368,1
C1,2064.7873,79.895042,0.107329,0
C1,2065.2873,82.34964,0.104902,0
C1,2065.7873,85.162582,0.10252,0
C1,2066.2873,87.518333,0.100505,0
C1,2066.7873,89.535698,0.099375,0
C1,2067.2873,89.96949,0.099515,0
C1,2067.7873,89.231232,0.100539,0
C1,2068.2873,87.748947,0.102159,0
C1,2068.7873,85.715973,0.103809,0
C1,2069.2873,84.169052,0.105069,0
C1,2069.7873,82.981865,0.105768,0
C1,2070.2873,82.652176,0.10578,0
C1,2070.7873,82.957138,0.105435,0
C1,2071.2873,83.400177,0.104979,0
C1,2071.7873,83.945412,0.104566,0
C1,2072.2873,84.29734,0.104307,0
C1,2072.7873,84.506195,0.103955,0
C1,2073.2873,85.062675,0.103323,0
C1,2073.7873,85.876434,0.102803,0
C1,2074.2873,86.192505,0.102681,0
C1,2074.7873,86.140221,0.102969,0
C1,2075.2873,85.56678,0.103675,0
C1,2075.7873,84.60762,0.104706,0
C1,2076.2873,83.330391,0.105992,0
C1,2076.7873,81.817764,0.10716,0
C1,2077.2873,80.794769,0.107936,0
C1,2077.7873,80.134163,0.108205,0
C1,2078.2873,80.211784,0.107882,0
C1,2078.7873,80.835777,0.10748,0
C1,2079.2873,81.084389,0.107379,0
C1,2079.7873,81.055161,0.107523,0
C1,2080.2873,80.769287,0.107874,3
C1,2080.7873,80.293457,0.108195,3
C1,2081.2873,80.074043,0.10831,3
C1,2081.7873,80.044411,0.107851,3
C1,2082.2873,81.069557,0.106546,0
C1,2082.7873,82.875397,0.104684,0
C1,2083.2873,85.110619,0.102478,0
C1,2083.7873,87.663651,0.100506,0
C1,2084.2873,89.388527,0.099199,0
C1,2084.7873,90.500465,0.098416,0
C1,2085.2873,91.087975,0.098053,0
C1,2085.7873,91.287315,0.097806,0
C1,2086.2873,91.624931,0.097447,0
C1,2086.7873,92.064888,0.096892,0
C1,2087.2873,92.828606,0.096077,0
C1,2087.7873,93.831955,0.095585,0
C1,2088.2873,93.897957,0.095844,0
C1,2088.7873,93.270195,0.096638,0
C1,2089.2873,92.174232,0.097808,0
C1,2089.7873,90.731743,0.098785,0
C1,2090.2873,90.053314,0.09915,0
C1,2090.7873,89.940414,0.098513,0
C1,2091.2873,91.437714,0.096584,0
C1,2091.7873,94.126801,0.094015,0
C1,2092.2873,97.010742,0.09129,0
C1,2092.7873,100.0389,0.089032,0
C1,2093.2873,101.91275,0.087699,0
C1,2093.7873,102.93227,0.087324,0
C1,2094.2873,102.72442,0.087935,0
C1,2094.7873,101.60816,0.089255,0
C1,2095.2873,99.858391,0.091084,0
C1,2095.7873,97.639732,0.093083,0
C1,2096.2873,95.51931,0.095003,0
C1,2096.7873,93.471596,0.096485,0
C1,2097.2873,92.304298,0.097261,0
C1,2097.7873,91.788635,0.097032,0
C1,2098.2873,92.802719,0.095575,0
C1,2098.7873,94.94902,0.093341,0
C1,2099.2873,97.650017,0.090663,0
C1,2099.7873,100.76158,0.088063,0
C1,2100.2873,103.292,0.085929,0
C1,2100.7873,105.3923,0.084503,0
C1,2101.2873,106.38775,0.083962,0
C1,2101.7873,106.56548,0.084036,0
C1,2102.2873,106.22673,0.084524,0
C1,2102.7873,105.50572,0.085472,0
C1,2103.2873,104.16915,0.086914,0
C1,2103.7873,102.37698,0.088644,0
C1,2104.2873,100.41458,0.090511,0
C1,2104.7873,98.326202,0.092017,0
C1,2105.2873,97.144501,0.092797,0
C1,2105.7873,96.633881,0.092698,0
C1,2106.2873,97.362106,0.091604,0
C1,2106.7873,99.00724,0.090091,0
C1,2107.2873,100.64575,0.088583,0
C1,2107.7873,102.27936,0.087757,0
C1,2108.2873,102.43942,0.088112,0
C1,2108.7873,101.50886,0.089222,0
C1,2109.2873,100.02873,0.090774,0
C1,2109.7873,98.14183,0.092228,0
C1,2110.2873,96.872742,0.093187,0
C1,2110.7873,96.060921,0.093447,0
C1,2111.2873,96.310822,0.092854,0
C1,2111.7873,97.346542,0.092023,0
C1,2112.2873,98.114334,0.091407,0
C1,2112.7873,98.683815,0.09121,0
C1,2113.2873,98.540634,0.091585,0
C1,2113.7873,97.869987,0.09231,0
C1,2114.2873,96.966759,0.093222,0
C1,2114.7873,95.891388,0.0941,0
C1,2115.2873,95.061157,0.094782,0
C1,2115.7873,94.412361,0.09521,0
C1,2116.2873,94.132317,0.095342,0
C1,2116.7873,94.125191,0.095737,0
C1,2117.2873,93.275009,0.096809,0
C1,2117.7873,91.800842,0.098795,0
C1,2118.2873,88.964546,0.101874,0
C1,2118.7873,85.120079,0.105808,0
C1,2119.2873,80.427574,0.110422,1
C1,2119.7873,75.107391,0.114907,1
C1,2120.2873,70.694862,0.118664,1
C1,2120.7873,66.954109,0.121166,1
C1,2121.2873,65.265656,0.122022,1
C1,2121.7873,65.096176,0.121843,1
C1,2122.2873,65.652901,0.121082,1
C1,2122.7873,66.747108,0.120532,1
C1,2123.2873,66.846756,0.12078,1
C1,2123.7873,66.210281,0.121922,1
C1,2124.2873,64.368187,0.124031,1
C1,2124.7873,61.633781,0.126894,1
C1,2125.2873,59.297039,0.130354,1
C1,2125.7873,57.254623,0.132426,1
C1,2126.2873,56.276649,0.131639,1
C1,2126.7873,56.086498,0.130214,1
C1,2127.2873,56.219101,0.129792,1
C1,2127.7873,56.590584,0.130506,2
C1,2128.2873,55.916565,0.132457,2
C1,2128.7873,54.468742,0.137576,2
C1,2129.2873,53.021137,0.147293,2
C1,2129.7873,51.573696,0.155963,2
C1,2130.2873,51.350136,0.15941,2
C1,2130.7873,52.03241,0.155613,2
C1,2131.2873,54.140671,0.143079,2
C1,2131.7873,57.304352,0.130823,2
C1,2132.2873,60.112179,0.125521,2
C1,2132.7873,62.656628,0.12356,2
C1,2133.2873,64.367928,0.122267,2
C1,2133.7873,65.462593,0.121084,2
C1,2134.2873,66.935425,0.119597,2
C1,2134.7873,68.688148,0.117469,2
C1,2135.2873,71.553207,0.11445,2
C1,2135.7873,75.241547,0.111223,2
C1,2136.2873,78.555473,0.108297,1
C1,2136.7873,81.592285,0.106761,0
C1,2137.2873,81.887238,0.107424,0
C1,2137.7873,80.152847,0.109629,0
C1,2138.2873,77.101585,0.112891,1
C1,2138.7873,73.075668,0.11598,1
C1,2139.2873,70.397644,0.117988,1
C1,2139.7873,68.717247,0.118143,1
C1,2140.2873,70.060463,0.115874,1
C1,2140.7873,73.641563,0.112509,1
C1,2141.2873,77.3647,0.109029,1
C1,2141.7873,81.19297,0.106819,0
C1,2142.2873,82.161446,0.106901,0
C1,2142.7873,81.01329,0.108841,0
C1,2143.2873,77.953079,0.112314,1
C1,2143.7873,73.477684,0.116214,1
C1,2144.2873,69.489326,0.119723,1
C1,2144.7873,65.861443,0.121894,1
C1,2145.2873,64.777901,0.122025,1
C1,2145.7873,65.577507,0.120824,1
C1,2146.2873,67.384331,0.118815,1
C1,2146.7873,69.93663,0.116713,1
C1,2147.2873,71.9459,0.115046,1
C1,2147.7873,73.553253,0.114225,1
C1,2148.2873,73.728348,0.114552,1
C1,2148.7873,72.843391,0.116116,1
C1,2149.2873,70.334587,0.118982,1
C1,2149.7873,66.623924,0.122453,1
C1,2150.2873,62.801807,0.126014,1
C1,2150.7873,58.897198,0.130067,1
C1,2151.2873,55.043072,0.134909,1
C1,2151.7873,51.226303,0.135412,1
C1,2152.2873,48.810513,0.127776,1
C1,2152.7873,47.431622,0.121527,1
C1,2153.2873,47.552582,0.123716,1
C1,2153.7873,48.78363,0.129736,1
C1,2154.2873,51.243992,0.136176,1
C1,2154.7873,54.614216,0.137852,1
C1,2155.2873,58.94978,0.130926,1
C1,2155.7873,63.999832,0.122451,2
C1,2156.2873,68.168533,0.117649,1
C1,2156.7873,71.684914,0.114666,1
C1,2157.2873,74.639839,0.112134,1
C1,2157.7873,77.179214,0.110339,1
C1,2158.2873,78.533958,0.109495,1
C1,2158.7873,79.011925,0.109242,0
C1,2159.2873,79.081696,0.109317,0
C1,2159.7873,78.849335,0.109664,0
C1,2160.2873,78.328796,0.110242,1
C1,2160.7873,77.594948,0.110788,1
C1,2161.2873,77.145103,0.111106,1
C1,2161.7873,76.905449,0.111123,1
C1,2162.2873,77.106766,0.110787,0
C1,2162.7873,77.63446,0.110409,0
C1,2163.2873,77.926964,0.11022,0
C1,2163.7873,78.04538,0.110598,0
C1,2164.2873,77.106964,0.111823,0
C1,2164.7873,75.386345,0.113512,1
C1,2165.2873,73.44278,0.11538,1
C1,2165.7873,71.334206,0.116599,1
C1,2166.2873,70.797066,0.116558,1
C1,2166.7873,71.422989,0.115333,1
C1,2167.2873,73.455032,0.11298,1
C1,2167.7873,76.527794,0.11054,1
C1,2168.2873,78.749512,0.108783,0
C1,2168.7873,80.341324,0.10811,3
C1,2169.2873,80.210014,0.108819,0
C1,2169.7873,78.803345,0.110683,0
C1,2170.2873,76.164719,0.113535,0
C1,2170.7873,72.614265,0.116166,1
C1,2171.2873,70.456825,0.117679,1
C1,2171.7873,69.330406,0.118368,1
C1,2172.2873,68.961586,0.118449,1
C1,2172.7873,69.153488,0.118117,1
C1,2173.2873,69.68074,0.117517,1
C1,2173.7873,70.456207,0.117091,1
C1,2174.2873,70.605385,0.117167,1
C1,2174.7873,70.291023,0.117452,1
C1,2175.2873,69.987244,0.117729,1
C1,2175.7873,69.691299,0.117466,1
C1,2176.2873,70.558662,0.11627,1
C1,2176.7873,72.287018,0.114171,1
C1,2177.2873,75.111786,0.111194,1
C1,2177.7873,78.748047,0.107305,1
C1,2178.2873,83.549423,0.102482,1
C1,2178.7873,89.213142,0.097314,0
C1,2179.2873,94.765129,0.092235,0
C1,2179.7873,100.23443,0.087617,0
C1,2180.2873,104.7874,0.083733,0
C1,2180.7873,108.66215,0.080702,0
C1,2181.2873,111.36307,0.078613,0
C1,2181.7873,113.19519,0.076775,0
C1,2182.2873,115.35284,0.074676,0
C1,2182.7873,117.75141,0.072337,0
C1,2183.2873,120.427,0.069776,0
C1,2183.7873,123.3076,0.067143,0
C1,2184.2873,126.14218,0.064547,0
C1,2184.7873,128.9427,0.062885,0
C1,2185.2873,129.74831,0.062823,0
C1,2185.7873,129.07739,0.06378,0
C1,2186.2873,127.67124,0.065327,0
C1,2186.7873,125.7209,0.067468,0
C1,2187.2873,123.02458,0.070208,0
C1,2187.7873,119.77614,0.072687,0
C1,2188.2873,117.64448,0.074271,0
C1,2188.7873,116.33938,0.075208,0
C1,2189.2873,115.60808,0.075686,0
C1,2189.7873,115.30146,0.075726,0
C1,2190.2873,115.52374,0.07534,0
C1,2190.7873,116.13747,0.074552,0
C1,2191.2873,117.23467,0.073376,0
C1,2191.7873,118.68971,0.071807,0
C1,2192.2873,120.6405,0.06984,0
C1,2192.7873,122.95822,0.067597,0
C1,2193.2873,125.50899,0.065166,0
C1,2193.7873,128.23222,0.063353,0
C1,2194.2873,129.44125,0.062755,0
C1,2194.7873,129.52953,0.063593,0
C1,2195.2873,127.62294,0.066031,0
C1,2195.7873,124.2399,0.069321,0
C1,2196.2873,120.48294,0.072912,0
C1,2196.7873,116.44923,0.076132,0
C1,2197.2873,113.49523,0.078486,3
C1,2197.7873,111.34036,0.079654,3
C1,2198.2873,110.96134,0.079398,0
C1,2198.7873,111.8967,0.078192,0
C1,2199.2873,113.57878,0.076386,0
C1,2199.7873,115.81354,0.074437,0
C1,2200.2873,117.80722,0.072682,3
C1,2200.7873,119.62248,0.070937,3
C1,2201.2873,121.5955,0.069064,0
C1,2201.7873,123.68528,0.067382,0
C1,2202.2873,125.24609,0.066124,0
C1,2202.7873,126.4154,0.065274,0
C1,2203.2873,127.09158,0.064819,0
C1,2203.7873,127.40278,0.064771,0
C1,2204.2873,127.19505,0.065139,0
C1,2204.7873,126.60323,0.065544,0
C1,2205.2873,126.31708,0.065703,0
C1,2205.7873,126.25717,0.065199,0
C1,2206.2873,127.41164,0.063721,0
C1,2206.7873,129.46492,0.062345,0
C1,2207.2873,130.39778,0.061867,0
C1,2207.7873,130.50139,0.06247,0
C1,2208.2873,129.08992,0.064287,0
C1,2208.7873,126.55708,0.067097,0
C1,2209.2873,122.992,0.070735,0
C1,2209.7873,118.66293,0.074118,0
C1,2210.2873,115.65138,0.076444,0
C1,2210.7873,113.61496,0.077618,0
C1,2211.2873,113.10448,0.077568,0
C1,2211.7873,113.72339,0.07708,3
C1,2212.2873,114.16458,0.076733,3
C1,2212.7873,114.47422,0.076678,0
C1,2213.2873,114.28465,0.077023,0
C1,2213.7873,113.7256,0.07728,0
C1,2214.2873,113.7281,0.077086,0
C1,2214.7873,114.14622,0.076359,0
C1,2215.2873,115.30424,0.07504,3
C1,2215.7873,117.00989,0.0732,3
C1,2216.2873,119.29684,0.070893,0
C1,2216.7873,122.01403,0.069394,0
C1,2217.2873,122.54958,0.069645,0
C1,2217.7873,121.47042,0.070759,0
C1,2218.2873,120.13373,0.072079,0
C1,2218.7873,118.60643,0.073717,0
C1,2219.2873,116.57751,0.075758,3
C1,2219.7873,114.17734,0.076859,0
C1,2220.2873,114.18815,0.076027,0
C1,2220.7873,115.98342,0.074109,0
C1,2221.2873,118.35149,0.071731,0
C1,2221.7873,121.14351,0.069135,0
C1,2222.2873,123.98322,0.066502,0
C1,2222.7873,126.85823,0.064318,0
C1,2223.2873,128.72398,0.062943,0
C1,2223.7873,129.84271,0.062439,0
C1,2224.2873,129.81487,0.062856,0
C1,2224.7873,128.93839,0.063587,0
C1,2225.2873,128.22668,0.064187,0
C1,2225.7873,127.63697,0.064844,0
C1,2226.2873,126.80227,0.065697,0
C1,2226.7873,125.78625,0.066122,0
C1,2227.2873,125.87903,0.065658,0
C1,2227.7873,126.79246,0.064767,0
C1,2228.2873,127.81272,0.063791,0
C1,2228.7873,128.91205,0.062778,0
C1,2229.2873,130.01115,0.061764,0
C1,2229.7873,131.11012,0.060895,0
C1,2230.2873,131.89754,0.060276,0
C1,2230.7873,132.45433,0.059726,0
C1,2231.2873,133.09058,0.059112,0
C1,2231.7873,133.78558,0.058231,0
C1,2232.2873,135.00343,0.056931,0
C1,2232.7873,136.60825,0.056149,0
C1,2233.2873,136.70073,0.056579,0
C1,2233.7873,135.6739,0.058272,0
C1,2234.2873,133.02739,0.061263,0
C1,2234.7873,129.1821,0.066251,0
C1,2235.2873,122.20238,0.073752,0
C1,2235.7873,112.90278,0.08256,0
C1,2236.2873,103.09043,0.091779,0
C1,2236.7873,92.898598,0.101417,0
C1,2237.2873,82.177567,0.111478,0
C1,2237.7873,71.064857,0.116119,2
C1,2238.2873,62.056534,0.111012,2
C1,2238.7873,54.605747,0.108813,2
C1,2239.2873,48.823689,0.118885,2
C1,2239.7873,44.276722,0.135626,2
C1,2240.2873,41.770241,0.154892,2
C1,2240.7873,40.773994,0.166328,2
C1,2241.2873,41.013084,0.16227,2
C1,2241.7873,42.166489,0.153494,2
C1,2242.2873,43.622189,0.147979,2
C1,2242.7873,45.301628,0.142768,2
C1,2243.2873,47.286476,0.135673,2
C1,2243.7873,49.497372,0.128192,2
C1,2244.2873,51.040546,0.121433,2
C1,2244.7873,52.089527,0.120899,2
C1,2245.2873,52.397991,0.130665,2
C1,2245.7873,52.158379,0.137709,2
C1,2246.2873,50.816368,0.132395,2
C1,2246.7873,48.65844,0.127286,1
C1,2247.2873,46.86713,0.131679,1
C1,2247.7873,45.34716,0.139237,2
C1,2248.2873,45.243244,0.145269,2
C1,2248.7873,46.187389,0.149135,2
C1,2249.2873,47.989082,0.150362,2
C1,2249.7873,50.425468,0.149,2
C1,2250.2873,52.632599,0.145087,2
C1,2250.7873,54.670044,0.138442,2
C1,2251.2873,55.718857,0.128932,2
C1,2251.7873,56.03595,0.122809,2
C1,2252.2873,56.396336,0.1247,2
C1,2252.7873,56.788761,0.12802,2
C1,2253.2873,57.945881,0.127896,1
C1,2253.7873,59.668976,0.126022,1
C1,2254.2873,62.012432,0.123651,1
C1,2254.7873,64.815041,0.120976,1
C1,2255.2873,67.817268,0.118141,1
C1,2255.7873,70.967247,0.115191,1
C1,2256.2873,74.217903,0.112161,1
C1,2256.7873,77.543076,0.109295,0
C1,2257.2873,80.436928,0.106774,0
C1,2257.7873,83.011543,0.104339,0
C1,2258.2873,85.722534,0.101794,0
C1,2258.7873,88.534462,0.100268,0
C1,2259.2873,89.03392,0.100597,0
C1,2259.7873,87.821838,0.102084,0
C1,2260.2873,85.805824,0.104216,0
C1,2260.7873,83.194778,0.107054,0
C1,2261.2873,79.648254,0.110642,1
C1,2261.7873,75.409348,0.113663,1
C1,2262.2873,73.091568,0.115144,1
C1,2262.7873,72.195694,0.114714,1
C1,2263.2873,74.025421,0.112098,1
C1,2263.7873,77.872467,0.10788,1
C1,2264.2873,83.179245,0.102491,0
C1,2264.7873,89.566422,0.09713,0
C1,2265.2873,94.81105,0.092686,0
C1,2265.7873,99.210022,0.090705,0
C1,2266.2873,99.110229,0.092331,0
C1,2266.7873,95.68074,0.096113,0
C1,2267.2873,90.904625,0.100974,0
C1,2267.7873,85.131828,0.105583,0
C1,2268.2873,80.904182,0.108952,0
C1,2268.7873,77.820168,0.110057,1
C1,2269.2873,78.506668,0.108138,0
C1,2269.7873,81.983864,0.105993,0
C1,2270.2873,83.159805,0.105694,0
C1,2270.7873,82.632507,0.106999,0
C1,2271.2873,80.328445,0.109729,0
C1,2271.7873,76.709335,0.113981,1
C1,2272.2873,71.10041,0.119829,1
C1,2272.7873,64.018753,0.124007,1
C1,2273.2873,62.035881,0.124096,1
C1,2273.7873,63.826801,0.121786,1
C1,2274.2873,67.046593,0.118331,1
C1,2274.7873,71.323944,0.113348,1
C1,2275.2873,77.860687,0.106553,0
C1,2275.7873,86.069695,0.099898,0
C1,2276.2873,92.300461,0.09483,0
C1,2276.7873,97.06707,0.090259,0
C1,2277.2873,102.2209,0.085377,0
C1,2277.7873,107.66133,0.081379,0
C1,2278.2873,110.89496,0.079152,0
C1,2278.7873,112.49526,0.079287,0
C1,2279.2873,110.60156,0.082224,0
C1,2279.7873,106.12184,0.087611,0
C1,2280.2873,98.912308,0.095187,0
C1,2280.7873,89.68235,0.103473,0
C1,2281.2873,80.931557,0.111375,0
C1,2281.7873,72.535416,0.117685,0
C1,2282.2873,67.239067,0.121509,0
C1,2282.7873,64.236992,0.123486,0
C1,2283.2873,62.947552,0.12409,0
C1,2283.7873,62.92569,0.123851,0
C1,2284.2873,63.467712,0.123159,0
C1,2284.7873,64.427094,0.122143,0
C1,2285.2873,65.67408,0.120895,0
C1,2285.7873,67.133934,0.119578,0
C1,2286.2873,68.531303,0.118312,1
C1,2286.7873,69.882416,0.117424,1
C1,2287.2873,70.456894,0.11716,1
C1,2287.7873,70.456558,0.116894,1
C1,2288.2873,71.03511,0.116163,1
C1,2288.7873,72.042099,0.114949,1
C1,2289.2873,73.669746,0.113237,1
C1,2289.7873,75.756767,0.110985,1
C1,2290.2873,78.556381,0.108162,1
C1,2290.7873,81.883408,0.105592,1
C1,2291.2873,84.133095,0.103886,0
C1,2291.7873,85.585403,0.102842,0
C1,2292.2873,86.397713,0.102312,0
C1,2292.7873,86.736343,0.101927,0
C1,2293.2873,87.234146,0.101413,0
C1,2293.7873,87.849762,0.101305,0
C1,2294.2873,87.467735,0.101998,0
C1,2294.7873,86.347328,0.102675,0
C1,2295.2873,85.998604,0.102733,0
C1,2295.7873,86.221039,0.102644,0
C1,2296.2873,86.192055,0.102756,0
C1,2296.7873,85.97699,0.102512,0
C1,2297.2873,86.721397,0.101499,0
C1,2297.7873,88.175957,0.100876,0
C1,2298.2873,88.071175,0.101505,0
C1,2298.7873,86.812271,0.10299,0
C1,2299.2873,84.848801,0.10504,0
C1,2299.7873,82.363869,0.107743,0
C1,2300.2873,78.982063,0.111167,0
C1,2300.7873,74.936455,0.114859,0
C1,2301.2873,70.969482,0.118489,0
C1,2301.7873,67.060707,0.121857,0
C1,2302.2873,63.659561,0.124818,0
C1,2302.7873,60.634132,0.126724,0
C1,2303.2873,59.522556,0.127097,1
C1,2303.7873,59.827492,0.126313,1
C1,2304.2873,61.223869,0.124653,1
C1,2304.7873,63.428062,0.122554,3
C1,2305.2873,65.778427,0.120339,3
C1,2305.7873,68.236977,0.118074,1
C1,2306.2873,70.693748,0.11581,1
C1,2306.7873,73.149208,0.113067,1
C1,2307.2873,76.646149,0.109489,1
C1,2307.7873,80.913918,0.10551,1
C1,2308.2873,85.280029,0.101452,0
C1,2308.7873,89.718925,0.097963,0
C1,2309.2873,92.849213,0.095525,0
C1,2309.7873,95.010948,0.094371,0
C1,2310.2873,95.354324,0.094675,0
C1,2310.7873,94.351868,0.095629,0
C1,2311.2873,93.281708,0.096638,0
C1,2311.7873,92.161438,0.097474,0
C1,2312.2873,91.469727,0.097965,0
C1,2312.7873,91.095215,0.09799,0
C1,2313.2873,91.416084,0.097457,0
C1,2313.7873,92.251625,0.096561,0
C1,2314.2873,93.361664,0.095444,0
C1,2314.7873,94.674873,0.094855,0
C1,2315.2873,94.640923,0.095345,0
C1,2315.7873,93.609886,0.096047,0
C1,2316.2873,93.117279,0.096318,0
C1,2316.7873,93.02317,0.096584,0
C1,2317.2873,92.538544,0.097165,0
C1,2317.7873,91.764877,0.097323,0
C1,2318.2873,92.195259,0.096515,0
C1,2318.7873,93.516792,0.095182,0
C1,2319.2873,95.086601,0.093651,0
C1,2319.7873,96.840149,0.092256,0
C1,2320.2873,98.11467,0.091245,0
C1,2320.7873,99.034653,0.090506,0
C1,2321.2873,99.717369,0.089957,0
C1,2321.7873,100.22449,0.091223,0
C1,2322.2873,96.969971,0.095506,0
C1,2322.7873,90.931335,0.101145,0
C1,2323.2873,84.734657,0.106909,0
C1,2323.7873,78.421005,0.112513,1
C1,2324.2873,72.576729,0.117739,1
C1,2324.7873,67.079857,0.12089,1
C1,2325.2873,65.738838,0.120709,1
C1,2325.7873,67.473709,0.118486,1
C1,2326.2873,70.562027,0.115178,1
C1,2326.7873,74.652077,0.111195,1
C1,2327.2873,79.205231,0.10684,1
C1,2327.7873,84.101135,0.103243,0
C1,2328.2873,87.012169,0.101237,0
C1,2328.7873,88.454117,0.100836,0
C1,2329.2873,87.881294,0.102052,0
C1,2329.7873,85.817268,0.104782,0
C1,2330.2873,81.957657,0.108951,0
C1,2330.7873,76.769073,0.11292,1
C1,2331.2873,73.344643,0.115474,1
C1,2331.7873,71.225929,0.116902,1
C1,2332.2873,70.246925,0.117416,1
C1,2332.7873,70.111473,0.116435,1
C1,2333.2873,72.375702,0.113529,1
C1,2333.7873,76.416031,0.11041,0
C1,2334.2873,79.144165,0.108344,0
C1,2334.7873,80.901085,0.105888,0
C1,2335.2873,84.472954,0.101977,0
C1,2335.7873,89.388123,0.098665,0
C1,2336.2873,91.658035,0.097475,0
C1,2336.7873,91.9701,0.097948,0
C1,2337.2873,90.633003,0.099742,0
C1,2337.7873,88.075302,0.103991,0
C1,2338.2873,81.415077,0.111529,0
C1,2338.7873,71.71843,0.11899,2
C1,2339.2873,65.224121,0.123883,2
C1,2339.7873,61.09996,0.126557,2
C1,2340.2873,59.420937,0.127271,2
C1,2340.7873,59.55164,0.125258,2
C1,2341.2873,63.788059,0.119954,2
C1,2341.7873,71.063271,0.114729,2
C1,2342.2873,75.125587,0.112081,0
C1,2342.7873,76.809937,0.110652,0
C1,2343.2873,78.224808,0.10944,0
C1,2343.7873,79.440231,0.108762,0
C1,2344.2873,79.695755,0.108854,0
C1,2344.7873,79.240822,0.108924,0
C1,2345.2873,79.544922,0.108384,0
C1,2345.7873,80.410805,0.107929,0
C1,2346.2873,80.532936,0.10807,0
C1,2346.7873,80.104599,0.110026,0
C1,2347.2873,76.288818,0.114698,0
C1,2347.7873,69.965858,0.11966,0
C1,2348.2873,65.52253,0.123115,1
C1,2348.7873,62.470375,0.125482,1
C1,2349.2873,60.38464,0.127075,1
C1,2349.7873,59.014187,0.127109,1
C1,2350.2873,60.309963,0.125006,1
C1,2350.7873,63.579117,0.122799,1
C1,2351.2873,65.097969,0.121996,3
C1,2351.7873,65.321373,0.121848,1
C1,2352.2873,65.418236,0.121802,1
C1,2352.7873,65.42144,0.120868,3
C1,2353.2873,67.445511,0.118313,3
C1,2353.7873,70.965286,0.115175,1
C1,2354.2873,74.255356,0.112221,1
C1,2354.7873,77.375412,0.109972,0
C1,2355.2873,79.136414,0.108812,0
C1,2355.7873,79.891533,0.109424,1
C1,2356.2873,77.808426,0.112312,1
C1,2356.7873,73.624649,0.115973,1
C1,2357.2873,69.864212,0.119295,3
C1,2357.7873,66.417099,0.121863,1
C1,2358.2873,64.291527,0.123371,1
C1,2358.7873,63.14407,0.123916,1
C1,2359.2873,63.1087,0.123569,3
C1,2359.7873,63.896427,0.122109,1
C1,2360.2873,66.276962,0.119372,1
C1,2360.7873,69.83638,0.116677,1
C1,2361.2873,72.123795,0.115003,1
C1,2361.7873,73.469749,0.113881,1
C1,2362.2873,74.55806,0.112966,0
C1,2362.7873,75.455666,0.112918,0
C1,2363.2873,74.661652,0.114227,0
C1,2363.7873,72.615601,0.115259,0
C1,2364.2873,72.422623,0.114805,0
C1,2364.7873,73.601181,0.113785,0
C1,2365.2873,74.635544,0.112881,0
C1,2365.7873,75.563187,,
C2,1924.8362,,,2
C2,1925.3362,78.643066,0.173704,2
C2,1925.8362,74.57785,0.176716,2
C2,1926.3362,72.157539,0.178592,2
C2,1926.8362,70.538605,0.179174,2
C2,1927.3362,70.905174,0.178385,2
C2,1927.8362,72.239059,0.176637,2
C2,1928.3362,74.667709,0.174133,2
C2,1928.8362,77.629715,0.172394,1
C2,1929.3362,78.410431,0.172162,1
C2,1929.8362,78.128448,0.17208,1
C2,1930.3362,78.588112,0.171486,1
C2,1930.8362,79.409088,0.170448,1
C2,1931.3362,80.822586,0.169,1
C2,1931.8362,82.524757,0.167802,1
C2,1932.3362,83.400642,0.167175,3
C2,1932.8362,83.873955,0.16812,3
C2,1933.3362,81.368225,0.171122,3
C2,1933.8362,77.41114,0.174614,3
C2,1934.3362,73.850304,0.177832,2
C2,1934.8362,70.482513,0.178773,2
C2,1935.3362,71.823875,0.176462,2
C2,1935.8362,75.459496,0.172788,1
C2,1936.3362,79.731606,0.168676,1
C2,1936.8362,84.31382,0.165749,1
C2,1937.3362,86.033577,0.164799,1
C2,1937.8362,86.358772,0.167378,2
C2,1938.3362,80.482018,0.17424,2
C2,1938.8362,71.583763,0.181075,2
C2,1939.3362,65.766586,0.185782,2
C2,1939.8362,61.450485,0.18845,2
C2,1940.3362,60.021782,0.189124,2
C2,1940.8362,59.999786,0.187547,2
C2,1941.3362,63.417168,0.183595,2
C2,1941.8362,68.510178,0.180245,2
C2,1942.3362,70.629669,0.178948,2
C2,1942.8362,71.300499,0.178122,1
C2,1943.3362,72.407295,0.176996,1
C2,1943.8362,73.726486,0.175563,1
C2,1944.3362,75.491814,0.173822,1
C2,1944.8362,77.474503,0.172235,1
C2,1945.3362,78.910187,0.171025,1
C2,1945.8362,80.079369,0.171613,1
C2,1946.3362,77.642563,0.174693,3
C2,1946.8362,73.448975,0.179945,3
C2,1947.3362,66.335121,0.187214,3
C2,1947.8362,57.798561,0.194555,3
C2,1948.3362,50.530811,0.20102,2
C2,1948.8362,43.881203,0.205838,2
C2,1949.3362,40.157993,0.208634,2
C2,1949.8362,37.860489,0.208582,2
C2,1950.3362,40.270252,0.205278,2
C2,1950.8362,44.973343,0.200924,2
C2,1951.3362,49.643124,0.196594,2
C2,1951.8362,54.296677,0.192515,2
C2,1952.3362,58.424835,0.188799,2
C2,1952.8362,62.297031,0.187349,2
C2,1953.3362,61.546143,0.189093,2
C2,1953.8362,58.542942,0.191168,2
C2,1954.3362,57.080032,0.192178,2
C2,1954.8362,56.367531,0.192846,2
C2,1955.3362,55.641327,0.193524,2
C2,1955.8362,54.908447,0.192599,2
C2,1956.3362,57.633205,0.189285,2
C2,1956.8362,62.04248,0.185962,1
C2,1957.3362,64.788132,0.183788,1
C2,1957.8362,66.723289,0.182343,1
C2,1958.3362,67.898232,0.181424,1
C2,1958.8362,68.702789,0.181243,2
C2,1959.3362,68.286728,0.181906,2
C2,1959.8362,67.275986,0.151664,2
C2,1960.3362,68.250084,0.10531,2
C2,1960.8362,70.19117,0.088212,2
C2,1961.3362,73.323608,0.085032,2
C2,1961.8362,77.036461,0.081942,2
C2,1962.3362,79.976624,0.079386,2
C2,1962.8362,82.540344,0.078112,0
C2,1963.3362,82.718414,0.078487,0
C2,1963.8362,81.734222,0.079367,0
C2,1964.3362,80.823486,0.080197,0
C2,1964.8362,79.948532,0.080595,0
C2,1965.3362,79.965523,0.080378,0
C2,1965.8362,80.417061,0.07996,0
C2,1966.3362,80.863861,0.079545,0
C2,1966.8362,81.308357,0.078245,0
C2,1967.3362,83.662994,0.075626,0
C2,1967.8362,86.948227,0.072694,0
C2,1968.3362,89.97718,0.069938,0
C2,1968.8362,92.881279,0.067084,0
C2,1969.3362,96.12236,0.063996,0
C2,1969.8362,99.527618,0.063139,0
C2,1970.3362,97.967636,0.065712,0
C2,1970.8362,93.988647,0.069644,0
C2,1971.3362,89.503036,0.073925,0
C2,1971.8362,84.770615,0.078393,0
C2,1972.3362,79.881699,0.082971,0
C2,1972.8362,74.91655,0.086258,0
C2,1973.3362,72.805313,0.087573,0
C2,1973.8362,72.084473,0.087318,1
C2,1974.3362,73.354179,0.085688,1
C2,1974.8362,75.593666,0.083274,1
C2,1975.3362,78.550819,0.080365,0
C2,1975.8362,81.857613,0.077924,0
C2,1976.3362,83.806236,0.076421,0
C2,1976.8362,85.093178,0.076279,0
C2,1977.3362,84.114319,0.0777,0
C2,1977.8362,82.031593,0.080353,0
C2,1978.3362,78.401764,0.084075,0
C2,1978.8362,74.018196,0.087546,0
C2,1979.3362,70.931305,0.09012,2
C2,1979.8362,68.476135,0.092168,2
C2,1980.3362,66.519501,0.093873,2
C2,1980.8362,64.805748,0.094489,2
C2,1981.3362,65.194519,0.093653,2
C2,1981.8362,66.60762,0.091767,1
C2,1982.3362,69.25396,0.08903,1
C2,1982.8362,72.501106,0.086904,1
C2,1983.3362,73.831581,0.086102,1
C2,1983.8362,74.228279,0.086737,1
C2,1984.3362,72.462631,0.088867,3
C2,1984.8362,69.643532,0.092432,3
C2,1985.3362,64.786507,0.097405,3
C2,1985.8362,58.936619,0.101669,3
C2,1986.3362,55.60775,0.104191,2
C2,1986.8362,53.507088,0.10514,2
C2,1987.3362,53.562538,0.104601,2
C2,1987.8362,54.668419,0.103462,2
C2,1988.3362,56.015194,0.102156,2
C2,1988.8362,57.479324,0.100739,1
C2,1989.3362,59.067196,0.099236,1
C2,1989.8362,60.715347,0.097787,1
C2,1990.3362,62.186016,0.09646,1
C2,1990.8362,63.570221,0.095638,1
C2,1991.3362,63.957573,0.095504,1
C2,1991.8362,63.859272,0.096071,1
C2,1992.3362,62.736771,0.097346,1
C2,1992.8362,61.115299,0.098558,1
C2,1993.3362,60.127674,0.099332,1
C2,1993.8362,59.448856,0.09936,1
C2,1994.3362,60.066372,0.098492,1
C2,1994.8362,61.315449,0.0969,1
C2,1995.3362,63.494347,0.094666,1
C2,1995.8362,66.126244,0.091893,1
C2,1996.3362,69.462646,0.088635,1
C2,1996.8362,73.142273,0.083508,1
C2,1997.3362,80.499603,0.075842,0
C2,1997.8362,89.648666,0.06559,0
C2,1998.3362,102.56945,0.052998,0
C2,1998.8362,117.32777,0.051398,0
C2,1999.3362,130.28352,0.049357,0
C2,1999.8362,142.36108,0.041115,0
C2,2000.3362,149.88211,0.027024,0
C2,2000.8362,155.18323,0.007072,0
C2,2001.3362,155.55759,0,0
C2,2001.8362,153.53169,0.012905,0
C2,2002.3362,151.15559,0.022425,0
C2,2002.8362,148.60886,0.028137,0
C2,2003.3362,147.18758,0.028274,0
C2,2003.8362,146.31458,0.014042,0
C2,2004.3362,145.66473,0.008114,0
C2,2004.8362,145.12363,0.018049,0
C2,2005.3362,144.3102,0.035666,0
C2,2005.8362,143.36409,0.048192,0
C2,2006.3362,141.42699,0.043743,0
C2,2006.8362,139.00706,0.023912,0
C2,2007.3362,137.55145,0.023134,0
C2,2007.8362,136.56561,0.029558,0
C2,2008.3362,136.1506,0.026765,0
C2,2008.8362,136.01369,0.039019,0
C2,2009.3362,136.35394,0.043145,0
C2,2009.8362,136.92667,0.040159,0
C2,2010.3362,136.74379,0.049531,0
C2,2010.8362,136.19281,0.030029,0
C2,2011.3362,136.46329,0.003204,0
C2,2011.8362,137.13396,0.004773,0
C2,2012.3362,138.63168,0.004773,0
C2,2012.8362,140.53236,0,0
C2,2013.3362,142.42848,0,0
C2,2013.8362,144.32237,0.008644,0
C2,2014.3362,144.47005,0.012731,0
C2,2014.8362,143.76695,0.015552,0
C2,2015.3362,142.64406,0.014143,0
C2,2015.8362,141.31664,0.007046,0
C2,2016.3362,140.95461,0.024996,0
C2,2016.8362,141.0629,0.020627,0
C2,2017.3362,142.16321,0.004925,0
C2,2017.8362,143.74683,0.022886,0
C2,2018.3362,144.79716,0.036594,0
C2,2018.8362,145.58771,0.019084,0
C2,2019.3362,145.20905,0.006183,0
C2,2019.8362,144.2608,0.023746,0
C2,2020.3362,143.06825,0.02025,0
C2,2020.8362,141.75671,0.002237,0
C2,2021.3362,140.92085,0,0
C2,2021.8362,140.31674,0.011295,0
C2,2022.3362,140.82065,0.03079,0
C2,2022.8362,141.86438,0.025971,0
C2,2023.3362,143.56776,0.009504,0
C2,2023.8362,145.59251,0.003028,0
C2,2024.3362,147.27419,0.006131,0
C2,2024.8362,148.7887,0.027475,0
C2,2025.3362,149.6474,0.035095,0
C2,2025.8362,150.18658,0.023489,0
C2,2026.3362,150.05486,0.009739,0
C2,2026.8362,149.59627,0.000583,0
C2,2027.3362,148.89445,0.008834,0
C2,2027.8362,148.07411,0.013287,0
C2,2028.3362,147.85878,0.026818,0
C2,2028.8362,147.9382,0.033176,0
C2,2029.3362,148.0621,0.019101,0
C2,2029.8362,148.20766,0.016328,0
C2,2030.3362,148.82468,0.022792,0
C2,2030.8362,149.67136,0.034371,0
C2,2031.3362,149.02763,0.03752,0
C2,2031.8362,147.65781,0.029771,0
C2,2032.3362,146.14819,0.022132,0
C2,2032.8362,144.57051,0.014274,0
C2,2033.3362,142.73293,0.015074,0
C2,2033.8362,140.76871,0.02121,0
C2,2034.3362,139.81271,0.012775,0
C2,2034.8362,139.34792,0.002048,0
C2,2035.3362,139.21684,0.000584,0
C2,2035.8362,139.24837,0.028803,0
C2,2036.3362,140.41252,0.049664,0
C2,2036.8362,142.12846,0.049457,0
C2,2037.3362,143.47601,0.050603,0
C2,2037.8362,144.64407,0.050158,0
C2,2038.3362,146.16174,0.045207,0
C2,2038.8362,147.84975,0.037286,0
C2,2039.3362,144.66292,0.044593,0
C2,2039.8362,139.10115,0.049798,0
C2,2040.3362,129.59995,0.047541,0
C2,2040.8362,118.17949,0.051767,0
C2,2041.3362,102.32441,0.067351,0
C2,2041.8362,84.30883,0.083113,2
C2,2042.3362,70.185364,0.095352,3
C2,2042.8362,57.958088,0.104314,3
C2,2043.3362,50.891827,0.10971,3
C2,2043.8362,46.339947,0.112285,3
C2,2044.3362,45.348091,0.112401,3
C2,2044.8362,46.090633,0.111607,3
C2,2045.3362,47.057236,0.110658,2
C2,2045.8362,48.132992,0.110056,2
C2,2046.3362,48.354568,0.110043,2
C2,2046.8362,48.16,0.110276,2
C2,2047.3362,47.853149,0.110586,2
C2,2047.8362,47.491596,0.111255,2
C2,2048.3362,46.413895,0.112419,2
C2,2048.8362,44.987289,0.114029,2
C2,2049.3362,42.946152,0.116064,2
C2,2049.8362,40.60561,0.118226,2
C2,2050.3362,38.292107,0.120369,2
C2,2050.8362,35.991772,0.122452,2
C2,2051.3362,33.807098,0.124455,2
C2,2051.8362,31.678776,0.126104,2
C2,2052.3362,30.257298,0.127265,2
C2,2052.8362,29.180185,0.128239,2
C2,2053.3362,28.160433,0.129173,2
C2,2053.8362,27.168623,0.129495,2
C2,2054.3362,27.466763,0.128927,2
C2,2054.8362,28.393351,0.128655,2
C2,2055.3362,28.051388,0.12926,2
C2,2055.8362,27.091402,0.129258,2
C2,2056.3362,28.054644,0.127928,2
C2,2056.8362,29.954859,0.126639,2
C2,2057.3362,30.828011,0.126061,2
C2,2057.8362,31.200788,0.125085,2
C2,2058.3362,32.929241,0.123173,2
C2,2058.8362,35.318161,0.122044,2
C2,2059.3362,35.360283,0.122536,2
C2,2059.8362,34.259071,0.123739,2
C2,2060.3362,32.770031,0.12521,2
C2,2060.8362,31.092047,0.127053,2
C2,2061.3362,28.800512,0.137034,2
C2,2061.8362,26.210066,0.143148,2
C2,2062.3362,24.109621,0.137764,2
C2,2062.8362,22.247902,0.1239,2
C2,2063.3362,20.994678,0.114316,1
C2,2063.8362,20.03791,0.120874,1
C2,2064.3362,20.809448,0.130323,2
C2,2064.8362,22.422995,0.133347,2
C2,2065.3362,26.703152,0.128332,2
C2,2065.8362,32.282448,0.121856,2
C2,2066.3362,38.798367,0.115592,2
C2,2066.8362,45.770596,0.109627,2
C2,2067.3362,51.640327,0.104423,2
C2,2067.8362,56.972935,0.100934,2
C2,2068.3362,59.151737,0.099624,1
C2,2068.8362,59.794044,0.099114,1
C2,2069.3362,60.250034,0.098733,1
C2,2069.8362,60.615246,0.09852,1
C2,2070.3362,60.707462,0.098496,1
C2,2070.8362,60.666679,0.097676,1
C2,2071.3362,62.471779,0.095582,1
C2,2071.8362,65.17617,0.093701,1
C2,2072.3362,66.520866,0.09276,1
C2,2072.8362,67.203125,0.09216,1
C2,2073.3362,67.811607,0.091611,1
C2,2073.8362,68.384148,0.092136,1
C2,2074.3362,66.681473,0.094233,1
C2,2074.8362,63.870346,0.096077,1
C2,2075.3362,62.711346,0.096779,1
C2,2075.8362,62.357243,0.096871,1
C2,2076.3362,62.513149,0.096611,1
C2,2076.8362,62.917526,0.095382,1
C2,2077.3362,65.161591,0.092881,1
C2,2077.8362,68.301926,0.090742,0
C2,2078.3362,69.765213,0.089763,0
C2,2078.8362,70.411446,0.089563,0
C2,2079.3362,70.196259,0.089957,1
C2,2079.8362,69.561401,0.09093,1
C2,2080.3362,68.100945,0.092474,1
C2,2080.8362,66.238274,0.093834,1
C2,2081.3362,65.174332,0.094641,1
C2,2081.8362,64.499542,0.094818,1
C2,2082.3362,64.794197,0.094325,1
C2,2082.8362,65.56115,0.09341,1
C2,2083.3362,66.763084,0.092195,1
C2,2083.8362,68.176941,0.091726,1
C2,2084.3362,67.771103,0.092515,1
C2,2084.8362,66.478722,0.094067,1
C2,2085.3362,64.43161,0.096139,1
C2,2085.8362,62.016804,0.098075,1
C2,2086.3362,60.264576,0.099553,1
C2,2086.8362,58.835148,0.099115,1
C2,2087.3362,61.206066,0.096052,1
C2,2087.8362,65.428474,0.092108,1
C2,2088.3362,69.698227,0.088131,1
C2,2088.8362,73.991043,0.085172,1
C2,2089.3362,76.068756,0.083743,1
C2,2089.8362,77.067291,0.084812,1
C2,2090.3362,73.768173,0.088849,3
C2,2090.8362,68.375298,0.093848,3
C2,2091.3362,63.005508,0.098831,2
C2,2091.8362,57.646973,0.102704,2
C2,2092.3362,54.667782,0.104933,2
C2,2092.8362,52.847775,0.105196,2
C2,2093.3362,54.101749,0.103335,2
C2,2093.8362,56.853333,0.10041,2
C2,2094.3362,60.399578,0.096936,2
C2,2094.8362,64.332977,0.093568,2
C2,2095.3362,67.650589,0.090625,2
C2,2095.8362,70.66819,0.088057,2
C2,2096.3362,73.179031,0.08584,2
C2,2096.8362,75.442993,0.084562,3
C2,2097.3362,75.929169,0.084512,3
C2,2097.8362,75.54924,0.085296,3
C2,2098.3362,74.241219,0.086722,1
C2,2098.8362,72.481033,0.0887,1
C2,2099.3362,69.981514,0.09119,1
C2,2099.8362,67.121811,0.092361,1
C2,2100.3362,67.460709,0.091323,1
C2,2100.8362,69.357918,0.0898,1
C2,2101.3362,70.738747,0.088634,1
C2,2101.8362,71.868004,0.086952,1
C2,2102.3362,74.361992,0.084326,1
C2,2102.8362,77.520859,0.082576,0
C2,2103.3362,78.129288,0.082587,0
C2,2103.8362,77.495163,0.082034,0
C2,2104.3362,79.321457,0.07978,0
C2,2104.8362,82.346428,0.078256,0
C2,2105.3362,82.60228,0.078645,0
C2,2105.8362,81.509048,0.079781,0
C2,2106.3362,80.156982,0.081095,0
C2,2106.8362,78.67881,0.08351,0
C2,2107.3362,74.958084,0.087474,1
C2,2107.8362,70.144821,0.091174,1
C2,2108.3362,66.993004,0.093726,1
C2,2108.8362,64.650627,0.09554,1
C2,2109.3362,63.089691,0.096813,1
C2,2109.8362,61.909454,0.097484,3
C2,2110.3362,61.643906,0.097524,3
C2,2110.8362,61.823978,0.096796,3
C2,2111.3362,63.209366,0.095236,3
C2,2111.8362,65.181969,0.093636,3
C2,2112.3362,66.65519,0.09238,2
C2,2112.8362,67.885117,0.091313,2
C2,2113.3362,68.953041,0.090357,2
C2,2113.8362,69.942047,0.090503,2
C2,2114.3362,68.638168,0.092234,2
C2,2114.8362,66.217224,0.094177,1
C2,2115.3362,64.455078,0.095665,1
C2,2115.8362,63.013908,0.096165,1
C2,2116.3362,63.378624,0.095418,1
C2,2116.8362,64.623154,0.093499,1
C2,2117.3362,67.508965,0.090447,0
C2,2117.8362,71.194389,0.08681,0
C2,2118.3362,75.33683,0.082858,0
C2,2118.8362,79.701935,0.080238,0
C2,2119.3362,80.97892,0.079751,0
C2,2119.8362,80.751411,0.08036,0
C2,2120.3362,79.667152,0.081561,0
C2,2120.8362,78.165489,0.084069,0
C2,2121.3362,74.269981,0.088229,0
C2,2121.8362,69.208214,0.092193,1
C2,2122.3362,65.736107,0.095059,1
C2,2122.8362,63.038464,0.096903,1
C2,2123.3362,61.767624,0.09776,1
C2,2123.8362,61.191902,0.097211,1
C2,2124.3362,62.948463,0.095052,1
C2,2124.8362,65.841286,0.092841,1
C2,2125.3362,67.708076,0.091339,1
C2,2125.8362,69.075005,0.091368,1
C2,2126.3362,67.64566,0.093329,1
C2,2126.8362,64.854004,0.095945,1
C2,2127.3362,62.01371,0.098594,1
C2,2127.8362,59.149712,0.100875,1
C2,2128.3362,57.104652,0.102589,1
C2,2128.8362,55.458572,0.102719,1
C2,2129.3362,56.824074,0.100769,1
C2,2129.8362,59.656776,0.098384,1
C2,2130.3362,61.958153,0.096366,1
C2,2130.8362,64.000671,0.093761,1
C2,2131.3362,67.565292,0.090106,1
C2,2131.8362,71.871452,0.086537,0
C2,2132.3362,75.24955,0.083609,0
C2,2132.8362,78.175499,0.080436,0
C2,2133.3362,82.080826,0.076587,0
C2,2133.8362,86.463303,0.073464,0
C2,2134.3362,88.803505,0.071752,0
C2,2134.8362,90.148735,0.070541,0
C2,2135.3362,91.411072,0.069387,0
C2,2135.8362,92.633003,0.069322,0
C2,2136.3362,91.549545,0.07085,0
C2,2136.8362,89.342918,0.072403,0
C2,2137.3362,88.206429,0.073218,0
C2,2137.8362,87.591301,0.074343,0
C2,2138.3362,85.782242,0.076293,0
C2,2138.8362,83.391502,0.077436,0
C2,2139.3362,83.322334,0.076975,0
C2,2139.8362,84.384201,0.076396,0
C2,2140.3362,84.569038,0.076423,0
C2,2140.8362,84.326607,0.075899,0
C2,2141.3362,85.695152,0.074264,0
C2,2141.8362,87.848557,0.072412,0
C2,2142.3362,89.683754,0.070778,0
C2,2142.8362,91.36393,0.068798,0
C2,2143.3362,93.947815,0.066193,0
C2,2143.8362,96.971977,0.06394,0
C2,2144.3362,98.799065,0.062514,0
C2,2144.8362,100.04296,0.061706,0
C2,2145.3362,100.53919,0.061414,0
C2,2145.8362,100.67117,0.061836,0
C2,2146.3362,99.629539,0.063069,0
C2,2146.8362,98.016136,0.064466,0
C2,2147.3362,96.620155,0.065714,0
C2,2147.8362,95.330101,0.067065,0
C2,2148.3362,93.712105,0.068642,0
C2,2148.8362,91.934326,0.070148,0
C2,2149.3362,90.469536,0.071438,0
C2,2149.8362,89.157227,0.072129,0
C2,2150.3362,88.982658,0.072033,0
C2,2150.8362,89.362389,0.071459,0
C2,2151.3362,90.21862,0.070556,0
C2,2151.8362,91.307007,0.069434,0
C2,2152.3362,92.635109,0.068146,0
C2,2152.8362,94.080009,0.067376,0
C2,2153.3362,94.294098,0.067456,0
C2,2153.8362,93.908546,0.06793,0
C2,2154.3362,93.272598,0.068577,0
C2,2154.8362,92.514648,0.069284,0
C2,2155.3362,91.751076,0.069995,0
C2,2155.8362,90.984741,0.07058,0
C2,2156.3362,90.490562,0.070977,0
C2,2156.8362,90.128967,0.071271,0
C2,2157.3362,89.857727,0.071503,0
C2,2157.8362,89.630516,0.071608,0
C2,2158.3362,89.632011,0.071555,0
C2,2158.8362,89.744934,0.071536,0
C2,2159.3362,89.672958,0.071645,0
C2,2159.8362,89.510887,0.071737,0
C2,2160.3362,89.474442,0.071743,0
C2,2160.8362,89.499199,0.071672,0
C2,2161.3362,89.624176,0.071533,0
C2,2161.8362,89.797981,0.071342,0
C2,2162.3362,90.037056,0.071105,0
C2,2162.8362,90.307922,0.070828,0
C2,2163.3362,90.634109,0.070512,0
C2,2163.8362,90.987267,0.070441,0
C2,2164.3362,90.786316,0.070754,0
C2,2164.8362,90.315414,0.070629,0
C2,2165.3362,91.054382,0.069668,0
C2,2165.8362,92.382797,0.068631,0
C2,2166.3362,93.287949,0.067886,0
C2,2166.8362,93.986893,0.067255,0
C2,2167.3362,94.64769,0.066649,0
C2,2167.8362,95.289894,0.066531,0
C2,2168.3362,94.902145,0.067124,0
C2,2168.8362,94.012611,0.06769,0
C2,2169.3362,93.684273,0.067867,0
C2,2169.8362,93.629333,0.067654,0
C2,2170.3362,94.144463,0.067047,0
C2,2170.8362,94.937325,0.066434,0
C2,2171.3362,95.464752,0.066004,0
C2,2171.8362,95.862869,0.065798,0
C2,2172.3362,95.908653,0.065835,0
C2,2172.8362,95.782776,0.066162,0
C2,2173.3362,95.203735,0.066803,0
C2,2173.8362,94.403931,0.067704,0
C2,2174.3362,93.263748,0.06884,0
C2,2174.8362,91.957741,0.069852,0
C2,2175.3362,91.086258,0.070563,0
C2,2175.8362,90.426476,0.071407,0
C2,2176.3362,89.267471,0.072596,0
C2,2176.8362,87.865257,0.073429,0
C2,2177.3362,87.476341,0.073561,0
C2,2177.8362,87.581085,0.074033,0
C2,2178.3362,86.460045,0.075352,0
C2,2178.8362,84.741814,0.075966,0
C2,2179.3362,85.138084,0.075119,0
C2,2179.8362,86.564522,0.074283,0
C2,2180.3362,86.938148,0.074175,0
C2,2180.8362,86.798866,0.073488,0
C2,2181.3362,88.413963,0.071591,0
C2,2181.8362,90.883759,0.070271,0
C2,2182.3362,91.25779,0.070398,0
C2,2182.8362,90.610794,0.070363,0
C2,2183.3362,91.331161,0.069385,0
C2,2183.8362,92.717697,0.068549,0
C2,2184.3362,93.131248,0.068385,0
C2,2184.8362,93.070786,0.068116,0
C2,2185.3362,93.709534,0.067364,0
C2,2185.8362,94.688934,0.066752,0
C2,2186.3362,95.027145,0.066583,0
C2,2186.8362,95.052979,0.066557,0
C2,2187.3362,95.08226,0.06653,0
C2,2187.8362,95.113205,0.067139,0
C2,2188.3362,93.770836,0.068697,0
C2,2188.8362,91.759399,0.070997,0
C2,2189.3362,88.819656,0.073937,0
C2,2189.8362,85.427666,0.077732,0
C2,2190.3362,80.648529,0.082486,0
C2,2190.8362,75.193581,0.086941,0
C2,2191.3362,71.057121,0.090486,0
C2,2191.8362,67.563019,0.093878,0
C2,2192.3362,63.754894,0.097486,1
C2,2192.8362,59.793785,0.100313,1
C2,2193.3362,57.667568,0.101874,1
C2,2193.8362,56.435284,0.103271,1
C2,2194.3362,54.660168,0.105042,1
C2,2194.8362,52.620583,0.10564,1
C2,2195.3362,53.372631,0.10431,1
C2,2195.8362,55.484734,0.102772,1
C2,2196.3362,56.683064,0.101866,1
C2,2196.8362,57.436218,0.100357,1
C2,2197.3362,59.931175,0.097645,1
C2,2197.8362,63.274715,0.095693,1
C2,2198.3362,64.133705,0.095458,1
C2,2198.8362,63.782249,0.09626,2
C2,2199.3362,62.405209,0.097771,2
C2,2199.8362,60.528515,0.101106,2
C2,2200.3362,55.2272,0.106806,2
C2,2200.8362,48.25745,0.112813,2
C2,2201.3362,42.294849,0.118124,2
C2,2201.8362,36.822922,0.121448,2
C2,2202.3362,35.136974,0.122158,2
C2,2202.8362,35.295517,0.119586,2
C2,2203.3362,40.673164,0.113409,2
C2,2203.8362,48.593498,0.106113,2
C2,2204.3362,56.382004,0.098908,2
C2,2204.8362,64.106285,0.092754,2
C2,2205.3362,69.630547,0.08812,2
C2,2205.8362,74.082993,0.086503,2
C2,2206.3362,73.111961,0.088632,2
C2,2206.8362,69.498672,0.091996,1
C2,2207.3362,65.869843,0.09537,1
C2,2207.8362,62.233444,0.098757,1
C2,2208.3362,58.577679,0.102159,2
C2,2208.8362,54.912479,0.103505,2
C2,2209.3362,55.678814,0.10179,2
C2,2209.8362,58.604137,0.098925,2
C2,2210.3362,61.847469,0.095839,2
C2,2210.8362,65.245728,0.09283,2
C2,2211.3362,68.326408,0.09004,2
C2,2211.8362,71.252373,0.088811,2
C2,2212.3362,70.973495,0.089796,2
C2,2212.8362,69.13327,0.091961,1
C2,2213.3362,66.310425,0.094806,1
C2,2213.8362,63.008858,0.097536,1
C2,2214.3362,60.431812,0.099766,1
C2,2214.8362,58.207745,0.100701,1
C2,2215.3362,58.419918,0.099953,1
C2,2215.8362,59.818996,0.098416,1
C2,2216.3362,61.728302,0.096527,1
C2,2216.8362,63.886185,0.094662,1
C2,2217.3362,65.743683,0.093004,2
C2,2217.8362,67.454842,0.092144,2
C2,2218.3362,67.5942,0.09237,2
C2,2218.8362,66.967804,0.091989,2
C2,2219.3362,68.416534,0.090174,2
C2,2219.8362,70.876244,0.088428,3
C2,2220.3362,72.174545,0.087485,3
C2,2220.8362,72.907028,0.086954,3
C2,2221.3362,73.316559,0.086647,3
C2,2221.8362,73.568756,0.088139,3
C2,2222.3362,70.102341,0.092201,3
C2,2222.8362,64.824257,0.096555,1
C2,2223.3362,60.730362,0.10009,1
C2,2223.8362,57.213394,0.102555,1
C2,2224.3362,55.422298,0.103828,1
C2,2224.8362,54.472023,0.104038,1
C2,2225.3362,54.970852,0.103247,1
C2,2225.8362,56.175671,0.101563,1
C2,2226.3362,58.595573,0.09904,1
C2,2226.8362,61.607445,0.096703,1
C2,2227.3362,63.625084,0.095054,1
C2,2227.8362,65.158348,0.093824,1
C2,2228.3362,66.273605,0.092882,1
C2,2228.8362,67.185219,0.093741,1
C2,2229.3362,64.426064,0.097135,2
C2,2229.8362,59.878555,0.102138,2
C2,2230.3362,53.654144,0.108299,2
C2,2230.8362,46.612762,0.113701,2
C2,2231.3362,42.024956,0.117408,2
C2,2231.8362,38.632504,0.118688,2
C2,2232.3362,39.270218,0.117183,2
C2,2232.8362,41.871372,0.113663,2
C2,2233.3362,46.850048,0.1085,2
C2,2233.8362,52.987019,0.103858,1
C2,2234.3362,56.842209,0.100793,1
C2,2234.8362,59.585743,0.098947,1
C2,2235.3362,60.816364,0.098146,1
C2,2235.8362,61.30991,0.097883,1
C2,2236.3362,61.382435,0.097911,1
C2,2236.8362,61.249844,0.097793,1
C2,2237.3362,61.635777,0.097317,1
C2,2237.8362,62.274334,0.097016,1
C2,2238.3362,62.285603,0.097147,1
C2,2238.8362,61.991257,0.097525,1
C2,2239.3362,61.473251,0.098057,1
C2,2239.8362,60.846279,0.099197,1
C2,2240.3362,59.019859,0.101165,1
C2,2240.8362,56.609077,0.102541,1
C2,2241.3362,56.056549,0.102633,1
C2,2241.8362,56.409336,0.102427,1
C2,2242.3362,56.50169,0.102401,1
C2,2242.8362,56.467167,0.100791,1
C2,2243.3362,59.966576,0.09674,1
C2,2243.8362,65.187675,0.093097,3
C2,2244.3362,67.808975,0.09125,3
C2,2244.8362,69.163681,0.090074,3
C2,2245.3362,70.34198,0.08902,3
C2,2245.8362,71.434334,0.089363,3
C2,2246.3362,69.603951,0.091725,2
C2,2246.8362,66.349632,0.09475,2
C2,2247.3362,63.089844,0.097779,2
C2,2247.8362,59.827389,0.101293,2
C2,2248.3362,55.524754,0.105525,1
C2,2248.8362,50.715347,0.109558,1
C2,2249.3362,46.843601,0.112943,1
C2,2249.8362,43.428673,0.114757,2
C2,2250.3362,42.937397,0.114552,2
C2,2250.8362,43.870487,0.112653,2
C2,2251.3362,47.02544,0.109219,2
C2,2251.8362,51.262856,0.10549,2
C2,2252.3362,55.05418,0.102069,2
C2,2252.8362,58.628174,0.100238,1
C2,2253.3362,58.99585,0.100622,1
C2,2253.8362,57.801441,0.101893,1
C2,2254.3362,56.26128,0.103401,1
C2,2254.8362,54.55267,0.104927,2
C2,2255.3362,52.977531,0.10636,2
C2,2255.8362,51.467419,0.106517,2
C2,2256.3362,52.638138,0.104823,2
C2,2256.8362,55.114922,0.102402,2
C2,2257.3362,57.85067,0.099801,2
C2,2257.8362,60.712578,0.097324,2
C2,2258.3362,63.185287,0.095114,2
C2,2258.8362,65.468391,0.094521,1
C2,2259.3362,64.463623,0.096199,1
C2,2259.8362,61.857048,0.099239,1
C2,2260.3362,57.918133,0.103199,1
C2,2260.8362,53.330116,0.107229,1
C2,2261.3362,49.243362,0.110913,1
C2,2261.8362,45.400818,0.112474,1
C2,2262.3362,45.881832,0.111048,1
C2,2262.8362,48.469231,0.108229,1
C2,2263.3362,51.952347,0.10479,1
C2,2263.8362,55.871841,0.101163,1
C2,2264.3362,59.760212,0.097558,1
C2,2264.8362,63.633415,0.093728,1
C2,2265.3362,68.00589,0.089553,1
C2,2265.8362,72.621605,0.084772,1
C2,2266.3362,78.297089,0.07926,1
C2,2266.8362,84.488869,0.073187,0
C2,2267.3362,91.374283,0.066633,0
C2,2267.8362,98.597618,0.061921,0
C2,2268.3362,101.5195,0.06018,0
C2,2268.8362,102.34576,0.059901,0
C2,2269.3362,102.12142,0.060347,0
C2,2269.8362,101.38522,0.060576,0
C2,2270.3362,101.62869,0.060128,0
C2,2270.8362,102.34944,0.058346,0
C2,2271.3362,105.46313,0.054913,0
C2,2271.8362,109.74264,0.068653,0
C2,2272.3362,113.30536,0.077439,0
C2,2272.8362,116.51886,0.047459,0
C2,2273.3362,117.58637,0.029797,0
C2,2273.8362,117.6084,0.035997,0
C2,2274.3362,116.55516,0.031402,0
C2,2274.8362,114.97809,0.039392,0
C2,2275.3362,113.64604,0.054478,0
C2,2275.8362,112.43337,0.035552,0
C2,2276.3362,112.67247,0.026627,0
C2,2276.8362,113.61886,0.043765,0
C2,2277.3362,115.40514,0.040947,0
C2,2277.8362,117.60062,0.026273,0
C2,2278.3362,119.76139,0.026073,0
C2,2278.8362,121.90526,0.040439,0
C2,2279.3362,122.2862,0.054508,0
C2,2279.8362,121.80826,0.058871,0
C2,2280.3362,120.86793,0.05094,0
C2,2280.8362,119.70235,0.035128,0
C2,2281.3362,118.88375,0.012857,0
C2,2281.8362,118.23419,0.001483,0
C2,2282.3362,118.91316,0.016831,0
C2,2282.8362,120.23937,0.033477,0
C2,2283.3362,122.07878,0.03173,0
C2,2283.8362,124.16822,0.039149,0
C2,2284.3362,126.04305,0.048891,0
C2,2284.8362,127.81332,0.037474,0
C2,2285.3362,128.18922,0.033455,0
C2,2285.8362,127.88577,0.040897,0
C2,2286.3362,124.72055,0.039433,0
C2,2286.8362,120.1611,0.053165,0
C2,2287.3362,115.40435,0.067927,0
C2,2287.8362,110.55146,0.060311,0
C2,2288.3362,107.10106,0.056664,0
C2,2288.8362,104.33392,0.057735,0
C2,2289.3362,104.79344,0.056578,0
C2,2289.8362,106.82495,0.054519,0
C2,2290.3362,109.22853,0.052202,0
C2,2290.8362,111.81338,0.050622,0
C2,2291.3362,112.63163,0.050261,0
C2,2291.8362,112.58923,0.050732,0
C2,2292.3362,111.61703,0.051845,0
C2,2292.8362,110.19183,0.053062,0
C2,2293.3362,108.99687,0.05412,0
C2,2293.8362,107.91406,0.053696,0
C2,2294.3362,109.91148,0.05118,0
C2,2294.8362,113.40956,0.025816,0
C2,2295.3362,117.23651,0.008752,0
C2,2295.8362,121.22369,0.028917,0
C2,2296.3362,125.16576,0.025191,0
C2,2296.8362,129.08588,0.027418,0
C2,2297.3362,129.74008,0.047791,0
C2,2297.8362,128.80318,0.028928,0
C2,2298.3362,126.98985,0.014575,0
C2,2298.8362,124.74955,0.033047,0
C2,2299.3362,122.12768,0.045659,0
C2,2299.8362,119.31991,0.0408,0
C2,2300.3362,117.75606,0.038796,0
C2,2300.8362,116.79823,0.036273,0
C2,2301.3362,116.02767,0.029379,0
C2,2301.8362,115.34835,0.035335,0
C2,2302.3362,113.49949,0.047436,0
C2,2302.8362,111.08085,0.052372,0
C2,2303.3362,109.59632,0.053539,0
C2,2303.8362,108.56686,0.054047,0
C2,2304.3362,108.50305,0.053888,0
C2,2304.8362,108.90969,0.052943,0
C2,2305.3362,110.53846,0.060969,0
C2,2305.8362,112.76264,0.064601,0
C2,2306.3362,113.01668,0.054994,0
C2,2306.8362,112.3109,0.051398,0
C2,2307.3362,110.46269,0.053373,0
C2,2307.8362,108.05791,0.055168,0
C2,2308.3362,106.59788,0.05631,0
C2,2308.8362,105.59812,0.056253,0
C2,2309.3362,106.72258,0.054727,0
C2,2309.8362,108.88193,0.052799,0
C2,2310.3362,112.07408,0.051537,0
C2,2310.8362,115.7694,0.054436,0
C2,2311.3362,118.14394,0.049,0
C2,2311.8362,119.87501,0.042884,0
C2,2312.3362,119.83701,0.043686,0
C2,2312.8362,118.93714,0.046866,0
C2,2313.3362,117.61361,0.054837,0
C2,2313.8362,116.08368,0.068742,0
C2,2314.3362,114.55681,0.071554,0
C2,2314.8362,113.03143,0.054776,0
C2,2315.3362,112.88222,0.040966,0
C2,2315.8362,113.40347,0.039989,0
C2,2316.3362,113.09565,0.047286,0
C2,2316.8362,112.38391,0.050035,0
C2,2317.3362,112.77265,0.057127,0
C2,2317.8362,113.69752,0.06167,0
C2,2318.3362,111.75055,0.056427,0
C2,2318.8362,108.40444,0.056545,0
C2,2319.3362,103.28863,0.061698,0
C2,2319.8362,97.310661,0.068908,1
C2,2320.3362,87.764351,0.078584,1
C2,2320.8362,76.479599,0.088324,1
C2,2321.3362,66.793877,0.09696,1
C2,2321.8362,57.88718,0.104208,1
C2,2322.3362,51.189072,0.109931,1
C2,2322.8362,45.566952,0.113847,1
C2,2323.3362,42.756931,0.115822,1
C2,2323.8362,41.316925,0.116817,1
C2,2324.3362,40.613495,0.117304,1
C2,2324.8362,40.268913,0.11751,1
C2,2325.3362,40.170502,0.117546,1
C2,2325.8362,40.192024,0.117841,1
C2,2326.3362,39.534794,0.118605,1
C2,2326.8362,38.546883,0.119182,1
C2,2327.3362,38.291168,0.119254,1
C2,2327.8362,38.39217,0.119094,1
C2,2328.3362,38.637127,0.118833,1
C2,2328.8362,38.952217,0.118086,1
C2,2329.3362,40.247402,0.116661,1
C2,2329.8362,42.020088,0.114997,1
C2,2330.3362,43.829014,0.113308,1
C2,2330.8362,45.655586,0.11042,1
C2,2331.3362,50.047527,0.10576,1
C2,2331.8362,55.689285,0.100086,1
C2,2332.3362,62.261269,0.093771,3
C2,2332.8362,69.286446,0.088721,3
C2,2333.3362,73.131966,0.085869,3
C2,2333.8362,75.428391,0.086104,2
C2,2334.3362,72.626823,0.08986,2
C2,2334.8362,67.341576,0.095496,2
C2,2335.3362,60.494041,0.10221,2
C2,2335.8362,52.885387,0.107563,2
C2,2336.3362,48.969746,0.110364,2
C2,2336.8362,46.853294,0.111352,2
C2,2337.3362,46.844231,0.110883,2
C2,2337.8362,47.861855,0.109464,1
C2,2338.3362,49.898869,0.107341,1
C2,2338.8362,52.432507,0.105523,1
C2,2339.3362,53.812374,0.104503,1
C2,2339.8362,54.630142,0.103154,1
C2,2340.3362,56.716637,0.100929,1
C2,2340.8362,59.421242,0.099294,3
C2,2341.3362,60.235321,0.098965,3
C2,2341.8362,60.128361,0.098918,2
C2,2342.3362,60.337173,0.098653,2
C2,2342.8362,60.699829,0.099401,2
C2,2343.3362,58.726868,0.101762,2
C2,2343.8362,55.61602,0.103405,2
C2,2344.3362,55.190128,0.103193,2
C2,2344.8362,56.072311,0.102664,2
C2,2345.3362,56.330101,0.102566,2
C2,2345.8362,56.283684,0.101404,2
C2,2346.3362,58.83128,0.09845,2
C2,2346.8362,62.642643,0.095963,2
C2,2347.3362,64.183121,0.095046,2
C2,2347.8362,64.617256,0.09412,1
C2,2348.3362,66.17614,0.092418,1
C2,2348.8362,68.28299,0.090645,1
C2,2349.3362,69.992485,0.089147,1
C2,2349.8362,71.508392,0.086986,1
C2,2350.3362,74.644981,0.083706,0
C2,2350.8362,78.571136,0.080844,0
C2,2351.3362,80.805046,0.079152,0
C2,2351.8362,82.214516,0.078481,0
C2,2352.3362,82.251511,0.078757,0
C2,2352.8362,81.619843,0.079879,0
C2,2353.3362,79.834419,0.081799,0
C2,2353.8362,77.486885,0.083744,0
C2,2354.3362,75.647438,0.085337,0
C2,2354.8362,74.055511,0.086882,0
C2,2355.3362,72.32383,0.088522,0
C2,2355.8362,70.524048,0.090228,1
C2,2356.3362,68.649483,0.091987,1
C2,2356.8362,66.738487,0.094115,1
C2,2357.3362,64.066551,0.09677,1
C2,2357.8362,61.023903,0.099252,1
C2,2358.3362,58.722622,0.101222,1
C2,2358.8362,56.782528,0.102858,1
C2,2359.3362,55.201496,0.104245,1
C2,2359.8362,53.795391,0.104656,1
C2,2360.3362,54.316273,0.103736,1
C2,2360.8362,55.775955,0.102154,1
C2,2361.3362,57.722885,0.100236,1
C2,2361.8362,59.9072,0.097992,1
C2,2362.3362,62.552235,0.09543,1
C2,2362.8362,65.421715,0.092762,1
C2,2363.3362,68.296631,0.09009,1
C2,2363.8362,71.174187,0.087042,1
C2,2364.3362,74.859192,0.083437,1
C2,2364.8362,78.937576,0.079547,1
C2,2365.3362,83.23246,0.075508,0
C2,2365.8362,87.632813,0.071842,0
C2,2366.3362,91.124458,0.068804,0
C2,2366.8362,94.173393,0.067486,0
C2,2367.3362,93.963615,0.068418,0
C2,2367.8362,92.166245,0.070911,0
C2,2368.3362,88.596748,0.074628,0
C2,2368.8362,84.163887,0.079771,0
C2,2369.3362,77.525337,0.086437,0
C2,2369.8362,69.812218,0.092533,1
C2,2370.3362,64.400085,0.09704,1
C2,2370.8362,60.108967,0.099946,1
C2,2371.3362,58.144409,0.101244,1
C2,2371.8362,57.313324,0.10017,1
C2,2372.3362,60.45784,0.096349,1
C2,2372.8362,65.539215,0.092113,1
C2,2373.3362,69.577477,0.088597,3
C2,2373.8362,73.107544,0.086658,3
C2,2374.3362,73.753418,0.086711,2
C2,2374.8362,72.994148,0.088468,2
C2,2375.3362,69.969131,0.091791,2
C2,2375.8362,65.840279,0.095739,2
C2,2376.3362,61.468102,0.099856,2
C2,2376.8362,56.97739,0.102993,2
C2,2377.3362,54.716492,0.104589,2
C2,2377.8362,53.541924,0.106135,2
C2,2378.3362,51.385731,0.10836,2
C2,2378.8362,48.751297,0.110355,2
C2,2379.3362,47.092182,0.111676,2
C2,2379.8362,45.908234,0.112986,2
C2,2380.3362,44.271118,0.114609,2
C2,2380.8362,42.413223,0.115265,2
C2,2381.3362,42.859028,0.11433,1
C2,2381.8362,44.427166,0.112474,1
C2,2382.3362,46.8545,0.110024,1
C2,2382.8362,49.700428,0.107678,1
C2,2383.3362,51.906471,0.105774,1
C2,2383.8362,53.80077,0.103943,1
C2,2384.3362,55.849064,0.102005,3
C2,2384.8362,57.972389,0.10051,3
C2,2385.3362,59.066765,0.099726,3
C2,2385.8362,59.659851,0.099041,3
C2,2386.3362,60.54044,0.098158,2
C2,2386.8362,61.561096,0.098253,2
C2,2387.3362,60.336334,0.099898,2
C2,2387.8362,58.017635,0.102171,2
C2,2388.3362,55.444809,0.104619,2
C2,2388.8362,52.748177,0.10655,2
C2,2389.3362,51.28651,0.107629,2
C2,2389.8362,50.42651,0.107441,2
C2,2390.3362,51.690063,0.105787,2
C2,2390.8362,53.98819,0.103256,2
C2,2391.3362,57.138428,0.100137,2
C2,2391.8362,60.703804,0.09693,2
C2,2392.3362,64.04052,0.093882,2
C2,2392.8362,67.265831,0.091522,2
C2,2393.3362,69.124199,0.090105,2
C2,2393.8362,70.316605,0.088597,2
C2,2394.3362,72.371407,0.086492,0
C2,2394.8362,74.846352,0.084767,0
C2,2395.3362,76.084084,0.083897,0
C2,2395.8362,76.719048,0.082918,0
C2,2396.3362,78.192696,0.08136,0
C2,2396.8362,80.074936,0.081655,0
C2,2397.3362,77.556633,0.084989,0
C2,2397.8362,72.89444,0.089097,0
C2,2398.3362,68.714828,0.092871,0
C2,2398.8362,64.770332,0.097098,2
C2,2399.3362,59.613049,0.102164,2
C2,2399.8362,53.86491,0.10551,2
C2,2400.3362,52.409386,0.105891,2
C2,2400.8362,53.04517,0.105267,2
C2,2401.3362,53.751965,0.104594,2
C2,2401.8362,54.493359,0.103098,2
C2,2402.3362,56.973492,0.100401,2
C2,2402.8362,60.300716,0.09725,2
C2,2403.3362,63.756908,0.094009,2
C2,2403.8362,67.275932,0.090179,2
C2,2404.3362,72.003586,0.085513,0
C2,2404.8362,77.320084,0.081493,0
C2,2405.3362,80.659225,0.078839,0
C2,2405.8362,83.035027,0.076904,0
C2,2406.3362,84.823021,0.075376,0
C2,2406.8362,86.324638,0.074757,0
C2,2407.3362,86.157646,0.07529,0
C2,2407.8362,85.177719,0.075636,0
C2,2408.3362,85.413605,0.075141,0
C2,2408.8362,86.241821,0.075003,0
C2,2409.3362,85.710365,0.075804,0
C2,2409.8362,84.516487,0.076841,0
C2,2410.3362,83.476974,0.077772,0
C2,2410.8362,82.512672,0.078476,0
C2,2411.3362,81.962059,0.078895,0
C2,2411.8362,81.612999,0.07938,0
C2,2412.3362,80.916756,0.080105,0
C2,2412.8362,80.051369,0.080985,0
C2,2413.3362,79.022507,0.081978,0
C2,2413.8362,77.914009,0.08354,0
C2,2414.3362,75.659302,0.085894,0
C2,2414.8362,72.846176,0.088684,0
C2,2415.3362,69.654625,0.091734,0
C2,2415.8362,66.278709,0.09478,1
C2,2416.3362,63.095306,0.097694,1
C2,2416.8362,60.005692,0.099777,1
C2,2417.3362,58.610203,0.10069,1
C2,2417.8362,58.04007,0.10028,1
C2,2418.3362,59.491447,0.098474,1
C2,2418.8362,61.927677,0.096184,1
C2,2419.3362,64.422379,0.093854,1
C2,2419.8362,66.945564,0.091957,1
C2,2420.3362,68.50592,0.090726,1
C2,2420.8362,69.597214,0.090338,1
C2,2421.3362,69.340324,0.090882,1
C2,2421.8362,68.426605,0.09199,1
C2,2422.3362,66.954094,0.093485,1
C2,2422.8362,65.209351,0.095804,2
C2,2423.3362,61.96183,0.09916,2
C2,2423.8362,57.982178,0.103172,2
C2,2424.3362,53.326694,0.107649,2
C2,2424.8362,48.341953,0.112073,2
C2,2425.3362,43.802719,0.116189,2
C2,2425.8362,39.480526,0.118981,2
C2,2426.3362,37.791279,0.119954,2
C2,2426.8362,37.384762,0.118429,2
C2,2427.3362,41.074463,0.114075,2
C2,2427.8362,46.759785,0.108299,2
C2,2428.3362,53.510715,0.101786,2
C2,2428.8362,60.7808,0.095639,2
C2,2429.3362,66.743919,0.090395,2
C2,2429.8362,72.07029,0.086202,2
C2,2430.3362,75.771263,0.083132,2
C2,2430.8362,78.680367,0.079755,2
C2,2431.3362,83.041649,0.075375,2
C2,2431.8362,88.11042,0.070103,0
C2,2432.3362,94.392662,0.063993,0
C2,2432.8362,101.26609,0.058606,0
C2,2433.3362,105.98814,0.054706,0
C2,2433.8362,109.66206,0.052823,0
C2,2434.3362,110.04206,0.053216,0
C2,2434.8362,108.81732,0.055338,0
C2,2435.3362,105.47291,0.058925,0
C2,2435.8362,101.09582,0.062049,0
C2,2436.3362,98.748505,0.06377,0
C2,2436.8362,97.39006,0.064583,0
C2,2437.3362,96.996223,0.06473,0
C2,2437.8362,97.072319,0.065216,0
C2,2438.3362,95.951195,0.066528,0
C2,2438.8362,94.246788,0.070013,0
C2,2439.3362,88.447792,0.076327,0
C2,2439.8362,80.653961,0.083013,0
C2,2440.3362,74.054253,0.088874,0
C2,2440.8362,68.036308,0.092686,0
C2,2441.3362,65.847847,0.093852,0
C2,2441.8362,65.525063,0.092123,0
C2,2442.3362,69.570518,0.087377,0
C2,2442.8362,75.744125,0.083078,0
C2,2443.3362,78.825218,0.080915,0
C2,2443.8362,80.399658,0.080844,0
C2,2444.3362,78.975739,0.082846,0
C2,2444.8362,76.091049,0.08661,0
C2,2445.3362,70.873726,0.091984,1
C2,2445.8362,64.519966,0.09689,1
C2,2446.3362,60.311508,0.100314,1
C2,2446.8362,57.148205,0.102955,1
C2,2447.3362,54.626789,0.105152,1
C2,2447.8362,52.418091,0.106728,1
C2,2448.3362,51.235146,0.107594,1
C2,2448.8362,50.551933,0.107687,0
C2,2449.3362,51.035458,0.106974,0
C2,2449.8362,52.087399,0.104963,0
C2,2450.3362,55.365017,0.101414,1
C2,2450.8362,59.726959,0.097158,1
C2,2451.3362,64.528793,0.092597,1
C2,2451.8362,69.544937,0.089418,1
C2,2452.3362,71.375031,0.088438,1
C2,2452.8362,71.652924,0.089359,1
C2,2453.3362,69.392593,0.092033,1
C2,2453.8362,65.895676,0.095872,1
C2,2454.3362,61.127819,0.100589,1
C2,2454.8362,55.740772,0.104291,1
C2,2455.3362,53.157387,0.106056,1
C2,2455.8362,51.939911,0.105952,1
C2,2456.3362,53.381763,0.104011,1
C2,2456.8362,56.119209,0.100639,1
C2,2457.3362,60.64056,0.096035,1
C2,2457.8362,66.031013,0.09212,1
C2,2458.3362,69.070862,0.089828,0
C2,2458.8362,70.96553,0.089823,0
C2,2459.3362,69.080383,0.09243,0
C2,2459.8362,65.35376,0.09621,0
C2,2460.3362,60.943108,0.100462,0
C2,2460.8362,56.199207,0.103297,0
C2,2461.3362,54.838348,0.103796,0
C2,2461.8362,55.125664,0.102246,0
C2,2462.3362,58.175354,0.098788,0
C2,2462.8362,62.570847,0.095305,0
C2,2463.3362,65.673874,0.092715,0
C2,2463.8362,68.147232,0.091326,0
C2,2464.3362,68.663689,0.091289,0
C2,2464.8362,68.226776,0.091819,0
C2,2465.3362,67.523727,0.092532,0
C2,2465.8362,66.691025,0.092872,0
C2,2466.3362,66.790199,0.092569,0
C2,2466.8362,67.343376,0.092418,0
C2,2467.3362,67.116508,0.092805,0
C2,2467.8362,66.509621,0.093629,0
C2,2468.3362,65.342651,0.09484,0
C2,2468.8362,63.902824,0.096135,0
C2,2469.3362,62.554989,0.097367,0
C2,2469.8362,61.251972,,0
C2,2470.3362,,,0
C3,1853.2308,97.527412,0.207619,1
C3,1853.7308,97.663956,0.207619,1
C3,1854.2308,97.527039,0.207927,1
C3,1854.7308,97.071198,0.208441,1
C3,1855.2308,96.535744,0.209043,1
C3,1855.7308,95.90744,0.209292,0
C3,1856.2308,96.055588,0.208669,1
C3,1856.7308,97.109238,0.207507,1
C3,1857.2308,98.298462,0.206193,1
C3,1857.7308,99.64579,0.205651,1
C3,1858.2308,99.344467,0.206959,1
C3,1858.7308,97.120476,0.209355,1
C3,1859.2308,94.719872,0.211949,1
C3,1859.7308,92.113319,0.214403,1
C3,1860.2308,89.982742,0.216323,1
C3,1860.7308,88.407249,0.217267,1
C3,1861.2308,88.160583,0.21672,1
C3,1861.7308,89.463593,0.215872,1
C3,1862.2308,89.797241,0.216112,1
C3,1862.7308,89.000404,0.217718,1
C3,1863.2308,86.696655,0.221016,1
C3,1863.7308,82.635551,0.224927,1
C3,1864.2308,79.147987,0.229379,1
C3,1864.7308,76.329285,0.228474,1
C3,1865.2308,74.521294,0.221668,1
C3,1865.7308,73.891991,0.223062,1
C3,1866.2308,75.014023,0.227724,1
C3,1866.7308,78.178452,0.226552,1
C3,1867.2308,80.468735,0.224707,2
C3,1867.7308,81.739601,0.22334,1
C3,1868.2308,83.105713,0.221867,1
C3,1868.7308,84.582893,0.22047,2
C3,1869.2308,85.804008,0.219359,1
C3,1869.7308,86.726486,0.218539,1
C3,1870.2308,87.387001,0.218013,1
C3,1870.7308,87.74202,0.21806,1
C3,1871.2308,87.295258,0.219008,1
C3,1871.7308,85.913445,0.220799,1
C3,1872.2308,83.837891,0.223369,1
C3,1872.7308,80.953293,0.225474,1
C3,1873.2308,79.773415,0.225667,1
C3,1873.7308,80.581558,0.224254,1
C3,1874.2308,82.50116,0.221593,1
C3,1874.7308,85.716927,0.218573,1
C3,1875.2308,88.331261,0.216227,1
C3,1875.7308,90.244194,0.212992,1
C3,1876.2308,90.120903,0.209349,1
C3,1876.7308,87.622978,0.209543,1
C3,1877.2308,84.551491,0.213072,1
C3,1877.7308,80.811096,0.216038,1
C3,1878.2308,78.827606,0.217032,1
C3,1878.7308,78.892998,0.216819,1
C3,1879.2308,79.237701,0.216294,1
C3,1879.7308,79.90815,0.215603,3
C3,1880.2308,80.569839,0.214923,1
C3,1880.7308,81.221298,0.214701,1
C3,1881.2308,80.999245,0.215459,1
C3,1881.7308,79.758499,0.216391,1
C3,1882.2308,79.19825,0.21656,1
C3,1882.7308,79.431602,0.216326,1
C3,1883.2308,79.64949,0.21611,1
C3,1883.7308,79.849365,0.215948,1
C3,1884.2308,79.963364,0.215882,1
C3,1884.7308,79.977211,0.215787,1
C3,1885.2308,80.143829,0.215523,1
C3,1885.7308,80.488594,0.214782,1
C3,1886.2308,81.574707,0.213209,1
C3,1886.7308,83.52536,0.210923,1
C3,1887.2308,85.987694,0.208062,1
C3,1887.7308,89.046745,0.204986,1
C3,1888.2308,91.92588,0.202111,1
C3,1888.7308,94.595192,0.199845,1
C3,1889.2308,96.299316,0.198663,1
C3,1889.7308,96.877831,0.198571,1
C3,1890.2308,96.477303,0.199577,1
C3,1890.7308,94.935013,0.20161,1
C3,1891.2308,92.552612,0.204586,1
C3,1891.7308,89.190498,0.207862,1
C3,1892.2308,86.228745,0.210689,1
C3,1892.7308,83.733894,0.212747,1
C3,1893.2308,82.256035,0.213664,2
C3,1893.7308,81.964172,0.213698,2
C3,1894.2308,82.190269,0.213151,1
C3,1894.7308,83.020439,0.212288,1
C3,1895.2308,83.857155,0.211417,2
C3,1895.7308,84.701508,0.210696,2
C3,1896.2308,85.247467,0.210311,1
C3,1896.7308,85.445435,0.20928,1
C3,1897.2308,87.23568,0.206464,1
C3,1897.7308,90.882851,0.203159,1
C3,1898.2308,93.61367,0.200884,2
C3,1898.7308,95.275864,0.199346,1
C3,1899.2308,96.58345,0.198205,1
C3,1899.7308,97.477501,0.198104,1
C3,1900.2308,96.778259,0.199791,1
C3,1900.7308,94.220932,0.202277,1
C3,1901.2308,91.980782,0.204406,1
C3,1901.7308,90.110527,0.206634,1
C3,1902.2308,87.681007,0.209489,1
C3,1902.7308,84.599258,0.212773,1
C3,1903.2308,81.341393,0.216255,2
C3,1903.7308,77.878143,0.224431,1
C3,1904.2308,75.50576,0.241302,1
C3,1904.7308,74.405548,0.24512,1
C3,1905.2308,74.311386,0.222919,2
C3,1905.7308,75.39048,0.20829,3
C3,1906.2308,77.346558,0.212352,1
C3,1906.7308,80.325386,0.214266,1
C3,1907.2308,82.734001,0.212114,2
C3,1907.7308,84.477631,0.210334,1
C3,1908.2308,86.169357,0.208613,1
C3,1908.7308,87.800552,0.207187,1
C3,1909.2308,88.922386,0.206332,1
C3,1909.7308,89.450203,0.205785,1
C3,1910.2308,89.977997,0.205239,1
C3,1910.7308,90.50576,0.204953,1
C3,1911.2308,90.530441,0.205231,1
C3,1911.7308,89.968437,0.206162,1
C3,1912.2308,88.733269,0.207849,0
C3,1912.7308,86.713074,0.210021,1
C3,1913.2308,84.541252,0.212363,1
C3,1913.7308,82.192627,0.214788,1
C3,1914.2308,79.858322,0.217197,3
C3,1914.7308,77.540726,0.219087,1
C3,1915.2308,76.211571,0.219619,1
C3,1915.7308,76.035149,0.215625,3
C3,1916.2308,75.951607,0.215851,1
C3,1916.7308,75.976387,0.224958,1
C3,1917.2308,76.299347,0.224497,1
C3,1917.7308,76.970032,0.218684,1
C3,1918.2308,77.560486,0.21812,1
C3,1918.7308,78.057381,0.217466,1
C3,1919.2308,78.823967,0.216509,1
C3,1919.7308,79.905067,0.214988,1
C3,1920.2308,81.76046,0.212598,1
C3,1920.7308,84.518822,0.209998,1
C3,1921.2308,86.778748,0.207957,1
C3,1921.7308,88.457397,0.206426,1
C3,1922.2308,89.732368,0.205349,1
C3,1922.7308,90.536568,0.205748,1
C3,1923.2308,88.964577,0.208812,2
C3,1923.7308,84.62149,0.213316,2
C3,1924.2308,80.270683,0.216245,1
C3,1924.7308,75.910889,0.221294,2
C3,1925.2308,72.002136,0.231713,1
C3,1925.7308,68.619392,0.237394,1
C3,1926.2308,68.101646,0.230085,2
C3,1926.7308,70.925064,0.218154,1
C3,1927.2308,74.753922,0.214635,2
C3,1927.7308,79.755325,0.213835,1
C3,1928.2308,84.136238,0.20967,2
C3,1928.7308,87.793549,0.206383,1
C3,1929.2308,90.481552,0.204183,1
C3,1929.7308,92.039154,0.202949,1
C3,1930.2308,92.863022,0.202539,1
C3,1930.7308,92.831215,0.201929,1
C3,1931.2308,94.04023,0.199927,1
C3,1931.7308,96.696312,0.196874,1
C3,1932.2308,99.934143,0.193167,1
C3,1932.7308,103.85042,0.188784,1
C3,1933.2308,108.39435,0.183697,1
C3,1933.7308,113.67023,0.179182,0
C3,1934.2308,117.10833,0.17673,0
C3,1934.7308,118.40322,0.176081,0
C3,1935.2308,118.36082,0.176933,0
C3,1935.7308,116.75888,0.179353,0
C3,1936.2308,113.68953,0.18342,0
C3,1936.7308,108.90886,0.188075,1
C3,1937.2308,104.70375,0.192085,1
C3,1937.7308,101.16986,0.19597,2
C3,1938.2308,97.206322,0.200336,2
C3,1938.7308,92.741714,0.204497,1
C3,1939.2308,89.173904,0.207652,2
C3,1939.7308,86.651955,0.209882,1
C3,1940.2308,84.869354,0.211282,2
C3,1940.7308,83.948975,0.211625,1
C3,1941.2308,84.207428,0.210645,2
C3,1941.7308,85.840645,0.20892,1
C3,1942.2308,87.537827,0.207122,2
C3,1942.7308,89.309586,0.205272,2
C3,1943.2308,91.109322,0.203391,1
C3,1943.7308,92.941681,0.201518,1
C3,1944.2308,94.72361,0.199703,2
C3,1944.7308,96.446739,0.197908,2
C3,1945.2308,98.187134,0.196094,2
C3,1945.7308,99.947662,0.195033,2
C3,1946.2308,100.23637,0.195623,2
C3,1946.7308,98.808632,0.197454,2
C3,1947.2308,96.700508,0.200049,2
C3,1947.7308,93.798889,0.203309,2
C3,1948.2308,90.40876,0.207117,2
C3,1948.7308,86.448921,0.210187,2
C3,1949.2308,84.483009,0.211019,2
C3,1949.7308,84.842407,0.210171,2
C3,1950.2308,86.121925,0.208289,2
C3,1950.7308,88.47448,0.205961,2
C3,1951.2308,90.614594,0.203872,2
C3,1951.7308,92.506966,0.202948,2
C3,1952.2308,92.398766,0.204268,2
C3,1952.7308,89.957497,0.20705,2
C3,1953.2308,87.029747,0.210378,2
C3,1953.7308,83.534668,0.213487,2
C3,1954.2308,81.029457,0.215484,2
C3,1954.7308,79.678642,0.216176,2
C3,1955.2308,79.693336,0.215336,2
C3,1955.7308,81.300468,0.214182,2
C3,1956.2308,81.920624,0.193362,2
C3,1956.7308,81.389748,0.148928,2
C3,1957.2308,80.826683,0.125305,3
C3,1957.7308,80.226089,0.126185,3
C3,1958.2308,79.127975,0.127624,3
C3,1958.7308,77.449646,0.129,1
C3,1959.2308,76.472031,0.12959,1
C3,1959.7308,76.311584,0.125704,1
C3,1960.2308,75.576668,0.122968,1
C3,1960.7308,74.171791,0.129662,1
C3,1961.2308,73.517441,0.132381,1
C3,1961.7308,73.738358,0.130305,1
C3,1962.2308,74.666519,0.131618,1
C3,1962.7308,76.419472,0.129853,1
C3,1963.2308,78.466042,0.126202,1
C3,1963.7308,80.855049,0.123758,1
C3,1964.2308,83.18457,0.12138,0
C3,1964.7308,85.44474,0.119107,0
C3,1965.2308,87.571754,0.116984,0
C3,1965.7308,89.543495,0.115051,0
C3,1966.2308,91.302284,0.113358,0
C3,1966.7308,92.812744,0.111917,0
C3,1967.2308,94.082146,0.110747,0
C3,1967.7308,95.070442,0.10964,0
C3,1968.2308,96.2201,0.108351,0
C3,1968.7308,97.557961,0.106888,0
C3,1969.2308,99.045105,0.105257,0
C3,1969.7308,100.70635,0.104213,0
C3,1970.2308,101.0595,0.104637,0
C3,1970.7308,99.887154,0.106048,0
C3,1971.2308,98.33596,0.107885,0
C3,1971.7308,96.342957,0.109836,0
C3,1972.2308,94.570541,0.111539,0
C3,1972.7308,93.055389,0.112547,0
C3,1973.2308,92.622208,0.112342,0
C3,1973.7308,93.450821,0.111934,0
C3,1974.2308,93.410149,0.112501,0
C3,1974.7308,92.355721,0.113639,0
C3,1975.2308,91.215897,0.114871,0
C3,1975.7308,89.976494,0.116059,0
C3,1976.2308,88.924049,0.117036,0
C3,1976.7308,88.089638,0.117411,0
C3,1977.2308,88.201065,0.116724,0
C3,1977.7308,89.41552,0.115643,0
C3,1978.2308,90.286812,0.114948,0
C3,1978.7308,90.757889,0.114866,0
C3,1979.2308,90.446037,0.115662,0
C3,1979.7308,89.221146,0.117081,0
C3,1980.2308,87.705772,0.118827,0
C3,1980.7308,85.851624,0.120576,0
C3,1981.2308,84.331299,0.121949,0
C3,1981.7308,83.200272,0.122225,0
C3,1982.2308,83.798203,0.120561,0
C3,1982.7308,86.41243,0.117628,0
C3,1983.2308,89.458755,0.114211,0
C3,1983.7308,93.008995,0.110831,0
C3,1984.2308,95.983841,0.108096,0
C3,1984.7308,98.287659,0.107144,0
C3,1985.2308,97.821732,0.109299,0
C3,1985.7308,94.125732,0.113393,0
C3,1986.2308,89.919121,0.118061,0
C3,1986.7308,85.11702,0.122128,0
C3,1987.2308,82.068558,0.124227,3
C3,1987.7308,81.06517,0.123543,0
C3,1988.2308,83.389114,0.119124,0
C3,1988.7308,89.593399,0.112576,0
C3,1989.2308,96.028145,0.10577,0
C3,1989.7308,102.73167,0.100478,0
C3,1990.2308,106.24387,0.098767,0
C3,1990.7308,106.03436,0.100341,0
C3,1991.2308,103.20519,0.104855,0
C3,1991.7308,97.320984,0.111007,0
C3,1992.2308,91.332664,0.117274,0
C3,1992.7308,85.222923,0.122242,0
C3,1993.2308,81.744148,0.124256,0
C3,1993.7308,81.333618,0.124135,0
C3,1994.2308,81.978287,0.122829,0
C3,1994.7308,83.853531,0.120852,0
C3,1995.2308,85.796005,0.118798,0
C3,1995.7308,87.816879,0.117206,0
C3,1996.2308,88.870552,0.116699,0
C3,1996.7308,88.79628,0.11655,0
C3,1997.2308,89.157478,0.115913,0
C3,1997.7308,90.026512,0.114305,0
C3,1998.2308,92.259407,0.111167,0
C3,1998.7308,96.082848,0.106909,0
C3,1999.2308,100.47819,0.10201,0
C3,1999.7308,105.54048,0.097454,0
C3,2000.2308,109.27131,0.094393,0
C3,2000.7308,111.44938,0.092967,0
C3,2001.2308,112.02183,0.093344,0
C3,2001.7308,110.72181,0.094336,0
C3,2002.2308,110.10836,0.094556,0
C3,2002.7308,110.2956,0.093244,0
C3,2003.2308,112.6416,0.089509,0
C3,2003.7308,117.50511,0.083987,0
C3,2004.2308,123.30128,0.077417,0
C3,2004.7308,130.1851,0.070748,0
C3,2005.2308,136.17392,0.065084,0
C3,2005.7308,141.11897,0.060729,0
C3,2006.2308,144.58011,0.058039,0
C3,2006.7308,146.3107,0.056742,0
C3,2007.2308,147.08511,0.056517,0
C3,2007.7308,146.74445,0.057059,0
C3,2008.2308,146.03667,0.058014,0
C3,2008.7308,144.90077,0.058879,0
C3,2009.2308,144.36884,0.059065,0
C3,2009.7308,144.54124,0.05851,0
C3,2010.2308,145.43987,0.057141,0
C3,2010.7308,147.18539,0.055249,0
C3,2011.2308,149.09201,0.053176,0
C3,2011.7308,151.18649,0.051571,0
C3,2012.2308,152.18904,0.051193,0
C3,2012.7308,151.91817,0.051807,0
C3,2013.2308,151.00345,0.053143,0
C3,2013.7308,149.33791,0.054721,0
C3,2014.2308,147.95688,0.055981,0
C3,2014.7308,146.90765,0.056584,0
C3,2015.2308,146.79333,0.056138,0
C3,2015.7308,147.76927,0.056047,0
C3,2016.2308,146.96669,0.057953,0
C3,2016.7308,144.09003,0.062266,0
C3,2017.2308,138.64149,0.069466,0
C3,2017.7308,130.1937,0.079751,0
C3,2018.2308,118.79058,0.093351,0
C3,2018.7308,103.941,0.107939,0
C3,2019.2308,90.632164,0.111932,0
C3,2019.7308,79.120132,0.112955,0
C3,2020.2308,70.002251,0.140319,3
C3,2020.7308,63.676407,0.160159,3
C3,2021.2308,60.274323,0.148131,3
C3,2021.7308,60.281918,0.149845,3
C3,2022.2308,61.422764,0.144919,3
C3,2022.7308,63.885201,0.120417,2
C3,2023.2308,66.164803,0.120603,2
C3,2023.7308,68.231186,0.130016,2
C3,2024.2308,69.162262,0.122846,2
C3,2024.7308,68.769341,0.115881,2
C3,2025.2308,66.678436,0.122866,2
C3,2025.7308,62.607338,0.13068,2
C3,2026.2308,58.11755,0.133256,2
C3,2026.7308,53.139484,0.145195,2
C3,2027.2308,48.664433,0.16456,2
C3,2027.7308,44.77599,0.173368,2
C3,2028.2308,41.611061,0.170362,2
C3,2028.7308,39.28989,0.170423,2
C3,2029.2308,37.788963,0.16655,2
C3,2029.7308,37.244606,0.156717,2
C3,2030.2308,37.640816,0.164796,2
C3,2030.7308,39.133915,0.174009,2
C3,2031.2308,41.282654,0.16449,2
C3,2031.7308,44.196003,0.161394,2
C3,2032.2308,45.774757,0.155598,2
C3,2032.7308,45.797112,0.133231,2
C3,2033.2308,44.540844,0.132448,2
C3,2033.7308,41.793457,0.157639,2
C3,2034.2308,39.182102,0.171654,2
C3,2034.7308,36.729385,0.180092,2
C3,2035.2308,37.378128,0.19211,2
C3,2035.7308,41.643784,0.181625,2
C3,2036.2308,47.554665,0.14804,2
C3,2036.7308,55.384205,0.135575,2
C3,2037.2308,63.162251,0.145262,2
C3,2037.7308,70.880249,0.139091,2
C3,2038.2308,75.601418,0.129556,2
C3,2038.7308,76.82769,0.128735,2
C3,2039.2308,76.089165,0.135853,2
C3,2039.7308,73.059288,0.148492,1
C3,2040.2308,68.428673,0.145872,1
C3,2040.7308,61.931282,0.131337,3
C3,2041.2308,56.800869,0.134745,1
C3,2041.7308,53.264626,0.155514,2
C3,2042.2308,50.906776,0.157998,1
C3,2042.7308,49.923176,0.149007,1
C3,2043.2308,49.989853,0.151778,1
C3,2043.7308,51.281368,0.157082,2
C3,2044.2308,51.924618,0.156558,2
C3,2044.7308,51.811863,0.145103,2
C3,2045.2308,51.362263,0.141012,2
C3,2045.7308,50.519829,0.161211,2
C3,2046.2308,50.233719,0.169749,2
C3,2046.7308,50.596382,0.154818,1
C3,2047.2308,51.227242,0.151433,1
C3,2047.7308,52.170864,0.166283,2
C3,2048.2308,53.870335,0.173626,2
C3,2048.7308,56.451271,0.15969,2
C3,2049.2308,59.354816,0.139478,2
C3,2049.7308,62.634598,0.136514,2
C3,2050.2308,66.114632,0.140252,2
C3,2050.7308,69.828201,0.14129,2
C3,2051.2308,72.926277,0.146746,1
C3,2051.7308,75.30658,0.139054,1
C3,2052.2308,77.034897,0.128422,1
C3,2052.7308,78.002876,0.12716,1
C3,2053.2308,79.470268,0.125337,0
C3,2053.7308,81.520088,0.122982,0
C3,2054.2308,84.01593,0.120127,0
C3,2054.7308,87.031921,0.117164,0
C3,2055.2308,89.734993,0.114553,0
C3,2055.7308,92.073158,0.113078,0
C3,2056.2308,92.581482,0.113656,0
C3,2056.7308,90.955864,0.115993,0
C3,2057.2308,88.070671,0.119743,0
C3,2057.7308,83.716553,0.124288,0
C3,2058.2308,79.298508,0.127662,1
C3,2058.7308,74.805916,0.120998,1
C3,2059.2308,71.729523,0.110669,1
C3,2059.7308,70.304718,0.117757,1
C3,2060.2308,70.40316,0.12259,1
C3,2060.7308,72.278015,0.115474,0
C3,2061.2308,75.147064,0.119948,3
C3,2061.7308,79.175529,0.124516,0
C3,2062.2308,83.401054,0.120019,0
C3,2062.7308,87.856392,0.115767,0
C3,2063.2308,91.607597,0.112305,0
C3,2063.7308,94.537643,0.109784,0
C3,2064.2308,96.474129,0.108378,0
C3,2064.7308,97.2519,0.108108,0
C3,2065.2308,96.996094,0.108997,0
C3,2065.7308,95.534927,0.110807,0
C3,2066.2308,93.503723,0.113256,0
C3,2066.7308,90.807755,0.115967,0
C3,2067.2308,88.27018,0.1185,0
C3,2067.7308,85.917313,0.120385,0
C3,2068.2308,84.63134,0.121074,0
C3,2068.7308,84.589577,0.120754,0
C3,2069.2308,85.247986,0.119649,0
C3,2069.7308,86.722946,0.118371,0
C3,2070.2308,87.716423,0.117632,0
C3,2070.7308,88.148399,0.117693,0
C3,2071.2308,87.597778,0.118857,0
C3,2071.7308,85.901222,0.120501,0
C3,2072.2308,84.424522,0.121899,0
C3,2072.7308,83.204201,0.122536,0
C3,2073.2308,83.194031,0.121815,0
C3,2073.7308,84.595123,0.119966,0
C3,2074.2308,86.765068,0.117253,0
C3,2074.7308,89.83165,0.114466,0
C3,2075.2308,92.14463,0.112524,0
C3,2075.7308,93.578773,0.111456,0
C3,2076.2308,94.205917,0.111294,0
C3,2076.7308,93.89193,0.111995,0
C3,2077.2308,92.853836,0.113508,0
C3,2077.7308,90.971298,0.115443,0
C3,2078.2308,89.119522,0.117343,0
C3,2078.7308,87.303612,0.118841,0
C3,2079.2308,86.227516,0.119509,0
C3,2079.7308,86.014214,0.119342,0
C3,2080.2308,86.549202,0.118336,0
C3,2080.7308,87.956856,0.11669,0
C3,2081.2308,89.725586,0.11464,0
C3,2081.7308,91.915405,0.113117,0
C3,2082.2308,92.664742,0.11321,0
C3,2082.7308,91.734177,0.114423,0
C3,2083.2308,90.323891,0.116174,0
C3,2083.7308,88.354141,0.118062,0
C3,2084.2308,86.680061,0.119618,0
C3,2084.7308,85.350792,0.120267,0
C3,2085.2308,85.428116,0.119336,0
C3,2085.7308,87.145813,0.117732,0
C3,2086.2308,88.52549,0.116507,0
C3,2086.7308,89.510994,0.116037,0
C3,2087.2308,89.431755,0.116762,0
C3,2087.7308,88.110809,0.11886,0
C3,2088.2308,85.382851,0.122537,0
C3,2088.7308,81.01403,0.127385,3
C3,2089.2308,76.763939,0.132278,3
C3,2089.7308,72.652298,0.142761,3
C3,2090.2308,69.398544,0.150482,3
C3,2090.7308,67.145233,0.137577,3
C3,2091.2308,66.492043,0.127943,3
C3,2091.7308,67.704903,0.133145,3
C3,2092.2308,69.834618,0.12904,3
C3,2092.7308,73.033562,0.122133,3
C3,2093.2308,76.578072,0.123512,3
C3,2093.7308,80.525581,0.123856,0
C3,2094.2308,83.323288,0.121653,0
C3,2094.7308,84.78009,0.120781,0
C3,2095.2308,85.007072,0.121289,0
C3,2095.7308,83.799835,0.12294,0
C3,2096.2308,81.81958,0.125458,0
C3,2096.7308,78.937836,0.120581,0
C3,2097.2308,76.549477,0.112236,0
C3,2097.7308,74.736504,0.125845,3
C3,2098.2308,74.185738,0.140255,3
C3,2098.7308,75.106979,0.130021,3
C3,2099.2308,76.305107,0.124533,3
C3,2099.7308,77.826149,0.127383,3
C3,2100.2308,79.215546,0.126023,3
C3,2100.7308,80.451431,0.125019,1
C3,2101.2308,81.154083,0.124613,0
C3,2101.7308,81.234886,0.12432,0
C3,2102.2308,81.720787,0.123572,0
C3,2102.7308,82.679123,0.122347,0
C3,2103.2308,84.085533,0.120619,0
C3,2103.7308,86.014496,0.118788,0
C3,2104.2308,87.618065,0.117323,1
C3,2104.7308,88.842178,0.116338,0
C3,2105.2308,89.520416,0.115965,1
C3,2105.7308,89.56208,0.116042,0
C3,2106.2308,89.37085,0.116381,0
C3,2106.7308,88.908028,0.116424,1
C3,2107.2308,89.288658,0.115519,0
C3,2107.7308,90.652916,0.113857,0
C3,2108.2308,92.496117,0.111658,0
C3,2108.7308,94.897865,0.10907,0
C3,2109.2308,97.493378,0.106263,0
C3,2109.7308,100.31484,0.103438,0
C3,2110.2308,102.94596,0.100827,0
C3,2110.7308,105.35508,0.098421,0
C3,2111.2308,107.5904,0.09621,0
C3,2111.7308,109.62304,0.094612,0
C3,2112.2308,110.67379,0.094117,0
C3,2112.7308,110.57945,0.094771,0
C3,2113.2308,109.41211,0.096629,0
C3,2113.7308,106.99342,0.099125,0
C3,2114.2308,104.59377,0.1016,0
C3,2114.7308,102.21633,0.103577,0
C3,2115.2308,100.77666,0.104502,0
C3,2115.7308,100.43062,0.104461,0
C3,2116.2308,100.85674,0.103553,0
C3,2116.7308,102.18336,0.102434,0
C3,2117.2308,103.01688,0.101868,0
C3,2117.7308,103.27537,0.101695,0
C3,2118.2308,103.3511,0.101727,0
C3,2118.7308,103.21369,0.101889,0
C3,2119.2308,103.03889,0.102092,0
C3,2119.7308,102.8205,0.102117,0
C3,2120.2308,102.99126,0.101705,0
C3,2120.7308,103.61584,0.101108,0
C3,2121.2308,104.14345,0.10062,0
C3,2121.7308,104.55798,0.100046,0
C3,2122.2308,105.25129,0.099159,0
C3,2122.7308,106.2697,0.098042,0
C3,2123.2308,107.4066,0.096793,0
C3,2123.7308,108.68166,0.095476,0
C3,2124.2308,109.94837,0.094168,0
C3,2124.7308,111.20534,0.093124,0
C3,2125.2308,111.96284,0.092641,0
C3,2125.7308,112.13785,0.09258,0
C3,2126.2308,112.08162,0.092778,0
C3,2126.7308,111.75573,0.093109,0
C3,2127.2308,111.44334,0.093425,0
C3,2127.7308,111.14672,0.093767,0
C3,2128.2308,110.78255,0.094185,0
C3,2128.7308,110.33959,0.094542,0
C3,2129.2308,110.09332,0.094678,0
C3,2129.7308,110.07642,0.094521,0
C3,2130.2308,110.39696,0.093985,0
C3,2130.7308,111.111,0.093066,0
C3,2131.2308,112.17103,0.091759,0
C3,2131.7308,113.63456,0.090338,0
C3,2132.2308,114.913,0.089125,0
C3,2132.7308,115.97557,0.088476,0
C3,2133.2308,116.16609,0.088805,0
C3,2133.7308,115.33962,0.089884,0
C3,2134.2308,114.08395,0.091444,0
C3,2134.7308,112.32777,0.093255,0
C3,2135.2308,110.58924,0.095046,0
C3,2135.7308,108.87129,0.096459,0
C3,2136.2308,107.86123,0.097078,0
C3,2136.7308,107.67673,0.096938,0
C3,2137.2308,108.12939,0.096084,0
C3,2137.7308,109.32509,0.094844,0
C3,2138.2308,110.52355,0.0936,0
C3,2138.7308,111.72521,0.092425,0
C3,2139.2308,112.7922,0.091401,0
C3,2139.7308,113.70216,0.090694,0
C3,2140.2308,114.15647,0.090499,0
C3,2140.7308,114.07943,0.090627,0
C3,2141.2308,113.90959,0.090859,0
C3,2141.7308,113.63151,0.091137,0
C3,2142.2308,113.37321,0.091393,0
C3,2142.7308,113.13799,0.091471,0
C3,2143.2308,113.2232,0.091189,0
C3,2143.7308,113.68208,0.09059,0
C3,2144.2308,114.3802,0.089722,0
C3,2144.7308,115.35732,0.088903,0
C3,2145.2308,115.96004,0.088505,0
C3,2145.7308,116.12614,0.089052,0
C3,2146.2308,114.90538,0.091154,0
C3,2146.7308,112.06727,0.0948,0
C3,2147.2308,107.86678,0.099976,0
C3,2147.7308,102.0775,0.106264,0
C3,2148.2308,95.728638,0.113181,0
C3,2148.7308,88.727196,0.11989,0
C3,2149.2308,82.778046,0.128083,3
C3,2149.7308,78.056084,0.132648,3
C3,2150.2308,74.009933,0.134494,3
C3,2150.7308,70.751923,0.139592,3
C3,2151.2308,68.016846,0.132958,3
C3,2151.7308,65.891617,0.130129,2
C3,2152.2308,63.754635,0.149964,2
C3,2152.7308,61.603958,0.161681,2
C3,2153.2308,60.397678,0.161459,2
C3,2153.7308,60.292747,0.164135,2
C3,2154.2308,60.700058,0.157098,2
C3,2154.7308,61.704739,0.1429,2
C3,2155.2308,62.964725,0.137938,2
C3,2155.7308,64.522446,0.140637,1
C3,2156.2308,66.480019,0.14339,1
C3,2156.7308,68.903915,0.147999,1
C3,2157.2308,71.569969,0.139628,1
C3,2157.7308,74.518425,0.128038,1
C3,2158.2308,77.473915,0.126933,1
C3,2158.7308,80.437622,0.124392,1
C3,2159.2308,82.377914,0.123,0
C3,2159.7308,83.124687,0.122632,0
C3,2160.2308,83.087555,0.123144,0
C3,2160.7308,82.136246,0.124432,0
C3,2161.2308,80.602501,0.126374,0
C3,2161.7308,78.389519,0.121438,0
C3,2162.2308,75.912666,0.120714,0
C3,2162.7308,73.128075,0.129849,3
C3,2163.2308,70.557419,0.122544,3
C3,2163.7308,68.236259,0.11338,1
C3,2164.2308,67.403152,0.116753,1
C3,2164.7308,68.30542,0.126396,1
C3,2165.2308,70.384773,0.134769,3
C3,2165.7308,73.836861,0.129349,1
C3,2166.2308,77.266312,0.12445,1
C3,2166.7308,80.669373,0.1241,0
C3,2167.2308,82.709763,0.122809,0
C3,2167.7308,83.161018,0.122642,0
C3,2168.2308,83.033707,0.123124,0
C3,2168.7308,82.231674,0.124057,0
C3,2169.2308,81.232544,0.125211,0
C3,2169.7308,80.003571,0.126877,0
C3,2170.2308,78.015663,0.141745,1
C3,2170.7308,75.142693,0.157511,3
C3,2171.2308,71.359184,0.143699,3
C3,2171.7308,66.513802,0.124926,3
C3,2172.2308,62.595661,0.131704,2
C3,2172.7308,59.758877,0.15571,2
C3,2173.2308,58.648537,0.162957,2
C3,2173.7308,59.551567,0.148723,2
C3,2174.2308,61.472607,0.147235,1
C3,2174.7308,64.580849,0.152011,3
C3,2175.2308,66.779968,0.151887,3
C3,2175.7308,67.918869,0.147588,2
C3,2176.2308,68.562149,0.12897,1
C3,2176.7308,68.627441,0.12421,1
C3,2177.2308,68.721855,0.14124,2
C3,2177.7308,68.850235,0.153057,2
C3,2178.2308,69.142387,0.141559,2
C3,2178.7308,69.625534,0.121716,1
C3,2179.2308,69.674675,0.12124,1
C3,2179.7308,69.217705,0.129074,2
C3,2180.2308,68.943886,0.13755,2
C3,2180.7308,68.883667,0.138635,2
C3,2181.2308,69.496933,0.133873,2
C3,2181.7308,70.895599,0.13366,2
C3,2182.2308,73.025154,0.130093,1
C3,2182.7308,76.007057,0.126652,1
C3,2183.2308,78.556206,0.126287,1
C3,2183.7308,80.600662,0.1243,1
C3,2184.2308,82.392845,0.122595,0
C3,2184.7308,83.890816,0.121192,0
C3,2185.2308,85.099831,0.120114,0
C3,2185.7308,85.971855,0.119359,0
C3,2186.2308,86.55748,0.118926,0
C3,2186.7308,86.80909,0.118846,0
C3,2187.2308,86.711449,0.119158,0
C3,2187.7308,86.20649,0.119712,0
C3,2188.2308,85.641685,0.120334,0
C3,2188.7308,85.007072,0.120823,0
C3,2189.2308,84.695976,0.12095,0
C3,2189.7308,84.762184,0.120964,0
C3,2190.2308,84.670898,0.121154,0
C3,2190.7308,84.395935,0.121785,0
C3,2191.2308,83.452667,0.123166,0
C3,2191.7308,81.730011,0.125214,1
C3,2192.2308,79.498383,0.134396,1
C3,2192.7308,76.673195,0.155596,2
C3,2193.2308,74.220451,0.160326,2
C3,2193.7308,72.202072,0.141132,3
C3,2194.2308,71.231377,0.13824,3
C3,2194.7308,71.482491,0.139118,3
C3,2195.2308,72.19854,0.128992,2
C3,2195.7308,73.456802,0.128429,2
C3,2196.2308,73.77018,0.123178,2
C3,2196.7308,72.981636,0.120695,2
C3,2197.2308,70.860695,0.136599,2
C3,2197.7308,67.185928,0.139038,2
C3,2198.2308,63.787189,0.127975,3
C3,2198.7308,60.710354,0.143294,1
C3,2199.2308,59.313686,0.162108,2
C3,2199.7308,59.876427,0.154383,2
C3,2200.2308,61.650936,0.144497,2
C3,2200.7308,64.838608,0.149601,2
C3,2201.2308,67.540588,0.15784,2
C3,2201.7308,69.676163,0.144886,2
C3,2202.2308,70.924149,0.131251,1
C3,2202.7308,71.137039,0.137716,2
C3,2203.2308,71.272018,0.137275,2
C3,2203.7308,71.316139,0.12819,2
C3,2204.2308,71.867882,0.124335,1
C3,2204.7308,73.011627,0.124986,1
C3,2205.2308,74.136711,0.13679,1
C3,2205.7308,75.240051,0.149136,2
C3,2206.2308,75.680809,0.148142,2
C3,2206.7308,75.348869,0.141255,2
C3,2207.2308,74.394981,0.136265,1
C3,2207.7308,72.71579,0.131619,1
C3,2208.2308,71.537598,0.119942,2
C3,2208.7308,70.943665,0.11486,2
C3,2209.2308,72.160477,0.126731,1
C3,2209.7308,75.488976,0.130451,1
C3,2210.2308,80.452538,0.121823,1
C3,2210.7308,87.322914,0.114379,1
C3,2211.2308,94.819008,0.106234,0
C3,2211.7308,103.04481,0.098151,0
C3,2212.2308,110.41958,0.091024,0
C3,2212.7308,116.80188,0.084926,0
C3,2213.2308,122.19096,0.079943,0
C3,2213.7308,126.42174,0.076411,0
C3,2214.2308,129.00888,0.074724,0
C3,2214.7308,129.6792,0.074623,0
C3,2215.2308,129.20357,0.075808,0
C3,2215.7308,127.39154,0.07789,0
C3,2216.2308,125.18443,0.080415,0
C3,2216.7308,122.51658,0.082578,0
C3,2217.2308,121.00871,0.08344,0
C3,2217.7308,120.85361,0.083171,0
C3,2218.2308,121.52902,0.081969,0
C3,2218.7308,123.17297,0.08027,0
C3,2219.2308,124.80725,0.078584,0
C3,2219.7308,126.43027,0.077273,0
C3,2220.2308,127.33636,0.076766,0
C3,2220.7308,127.40639,0.076642,0
C3,2221.2308,127.57786,0.076403,0
C3,2221.7308,127.86763,0.075935,0
C3,2222.2308,128.48051,0.075105,0
C3,2222.7308,129.4702,0.074094,0
C3,2223.2308,130.43204,0.073114,0
C3,2223.7308,131.36137,0.072476,0
C3,2224.2308,131.66199,0.072545,0
C3,2224.7308,131.22931,0.072987,0
C3,2225.2308,130.80956,0.073414,0
C3,2225.7308,130.40486,0.073693,0
C3,2226.2308,130.26926,0.073672,0
C3,2226.7308,130.44742,0.07354,0
C3,2227.2308,130.52367,0.073522,0
C3,2227.7308,130.48103,0.073837,0
C3,2228.2308,129.91643,0.074737,0
C3,2228.7308,128.74307,0.076014,0
C3,2229.2308,127.45159,0.077424,0
C3,2229.7308,126.02233,0.078338,0
C3,2230.2308,125.6887,0.078021,0
C3,2230.7308,126.63279,0.076719,0
C3,2231.2308,128.20111,0.074717,0
C3,2231.7308,130.49741,0.072331,0
C3,2232.2308,132.80664,0.069931,0
C3,2232.7308,135.131,0.06816,0
C3,2233.2308,136.22453,0.06777,0
C3,2233.7308,135.88271,0.068425,0
C3,2234.2308,134.96155,0.06973,0
C3,2234.7308,133.36479,0.071323,0
C3,2235.2308,131.88615,0.072784,0
C3,2235.7308,130.5453,0.073817,0
C3,2236.2308,129.89024,0.074082,0
C3,2236.7308,130.03497,0.073912,0
C3,2237.2308,130.21681,0.073702,0
C3,2237.7308,130.44193,0.073892,0
C3,2238.2308,129.84973,0.074999,0
C3,2238.7308,128.30438,0.077022,0
C3,2239.2308,125.94718,0.079955,0
C3,2239.7308,122.64321,0.083253,0
C3,2240.2308,119.5795,0.086282,0
C3,2240.7308,116.79598,0.088521,0
C3,2241.2308,115.25692,0.089364,0
C3,2241.7308,115.16915,0.088989,0
C3,2242.2308,115.98103,0.087604,0
C3,2242.7308,117.84207,0.085871,0
C3,2243.2308,119.32587,0.084562,0
C3,2243.7308,120.3697,0.083965,0
C3,2244.2308,120.47796,0.084418,0
C3,2244.7308,119.49516,0.085334,0
C3,2245.2308,118.71004,0.086028,0
C3,2245.7308,118.15547,0.086143,0
C3,2246.2308,118.48941,0.08526,0
C3,2246.7308,119.85951,0.083657,0
C3,2247.2308,121.58397,0.081656,0
C3,2247.7308,123.72166,0.079855,0
C3,2248.2308,125.05997,0.078952,0
C3,2248.7308,125.46605,0.078779,0
C3,2249.2308,125.3926,0.079145,0
C3,2249.7308,124.7599,0.079582,0
C3,2250.2308,124.54894,0.079547,0
C3,2250.7308,124.82982,0.078938,0
C3,2251.2308,125.72155,0.077645,0
C3,2251.7308,127.32565,0.075964,0
C3,2252.2308,128.96687,0.07424,0
C3,2252.7308,130.65135,0.072548,0
C3,2253.2308,132.23437,0.070969,0
C3,2253.7308,133.69907,0.06949,0
C3,2254.2308,135.08813,0.068097,0
C3,2254.7308,136.38901,0.06704,0
C3,2255.2308,137.12936,0.066611,0
C3,2255.7308,137.21603,0.067084,0
C3,2256.2308,136.21692,0.068775,0
C3,2256.7308,133.95154,0.071433,0
C3,2257.2308,131.08626,0.074764,0
C3,2257.7308,127.52138,0.078068,0
C3,2258.2308,124.70953,0.080527,0
C3,2258.7308,122.77584,0.08191,0
C3,2259.2308,122.03868,0.081951,0
C3,2259.7308,122.69691,0.080985,0
C3,2260.2308,123.90346,0.079404,0
C3,2260.7308,125.74945,0.077478,0
C3,2261.2308,127.62142,0.075523,0
C3,2261.7308,129.52367,0.073769,0
C3,2262.2308,131.00613,0.072486,0
C3,2262.7308,131.99902,0.071649,0
C3,2263.2308,132.62122,0.071229,0
C3,2263.7308,132.81114,0.071363,0
C3,2264.2308,132.36188,0.072215,0
C3,2264.7308,131.16724,0.073447,0
C3,2265.2308,129.98453,0.074665,0
C3,2265.7308,128.81573,0.075826,0
C3,2266.2308,127.74271,0.07688,0
C3,2266.7308,126.78137,0.077835,0
C3,2267.2308,125.89915,0.078701,0
C3,2267.7308,125.1092,0.079587,0
C3,2268.2308,124.19092,0.080616,0
C3,2268.7308,123.12297,0.081615,0
C3,2269.2308,122.2628,0.08238,0
C3,2269.7308,121.64494,0.083044,0
C3,2270.2308,120.98228,0.083758,0
C3,2270.7308,120.26736,0.084557,0
C3,2271.2308,119.43884,0.085484,0
C3,2271.7308,118.47783,0.086569,0
C3,2272.2308,117.34466,0.087847,0
C3,2272.7308,116.01072,0.089045,0
C3,2273.2308,115.03174,0.089845,0
C3,2273.7308,114.46671,0.09032,0
C3,2274.2308,114.11491,0.090555,0
C3,2274.7308,114.01177,0.091161,0
C3,2275.2308,112.94698,0.092845,0
C3,2275.7308,110.76071,0.096009,0
C3,2276.2308,106.84083,0.101117,0
C3,2276.7308,100.89922,0.107934,0
C3,2277.2308,93.683632,0.11618,0
C3,2277.7308,84.982346,0.125928,1
C3,2278.2308,77.404083,0.140273,1
C3,2278.7308,71.135483,0.147497,1
C3,2279.2308,66.9907,0.143945,1
C3,2279.7308,65.322701,0.143493,1
C3,2280.2308,64.879051,0.141278,1
C3,2280.7308,65.863235,0.142695,1
C3,2281.2308,66.430534,0.145397,1
C3,2281.7308,66.511681,0.145475,1
C3,2282.2308,66.130653,0.15038,1
C3,2282.7308,65.210632,0.152281,1
C3,2283.2308,64.347588,0.144882,1
C3,2283.7308,63.550968,0.140282,1
C3,2284.2308,62.888386,0.148795,1
C3,2284.7308,62.382114,0.155664,1
C3,2285.2308,61.792294,0.154415,1
C3,2285.7308,61.105042,0.149453,1
C3,2286.2308,60.552486,0.152057,1
C3,2286.7308,60.157001,0.160074,1
C3,2287.2308,60.218563,0.160048,1
C3,2287.7308,60.813133,0.15982,1
C3,2288.2308,61.20993,0.156541,1
C3,2288.7308,61.376076,0.142952,1
C3,2289.2308,61.241402,0.128685,1
C3,2289.7308,60.755909,0.120325,1
C3,2290.2308,59.876869,0.125416,1
C3,2290.7308,58.538883,0.138995,1
C3,2291.2308,57.457027,0.143312,1
C3,2291.7308,56.67387,0.144673,1
C3,2292.2308,56.350986,0.146521,1
C3,2292.7308,56.56488,0.159204,1
C3,2293.2308,57.154499,0.171919,1
C3,2293.7308,58.182285,0.159525,1
C3,2294.2308,59.378513,0.152133,1
C3,2294.7308,60.771183,0.156772,1
C3,2295.2308,62.596569,0.146832,1
C3,2295.7308,64.92659,0.134468,1
C3,2296.2308,68.037971,0.133669,1
C3,2296.7308,72.060585,0.132114,1
C3,2297.2308,76.551041,0.12695,1
C3,2297.7308,81.587105,0.122415,0
C3,2298.2308,85.045204,0.119785,0
C3,2298.7308,86.663071,0.11875,0
C3,2299.2308,87.043198,0.119104,0
C3,2299.7308,85.979874,0.120363,0
C3,2300.2308,84.613823,0.121961,0
C3,2300.7308,82.894722,0.123367,0
C3,2301.2308,81.899315,0.123961,0
C3,2301.7308,81.747887,0.124289,0
C3,2302.2308,81.266029,0.124988,0
C3,2302.7308,80.398849,0.126043,0
C3,2303.2308,79.228966,0.127438,1
C3,2303.7308,77.706078,0.128164,1
C3,2304.2308,77.826637,0.127047,1
C3,2304.7308,79.863785,0.124516,1
C3,2305.2308,82.71106,0.121077,0
C3,2305.7308,86.503082,0.117402,0
C3,2306.2308,89.804176,0.114279,0
C3,2306.7308,92.532722,0.112898,0
C3,2307.2308,92.470207,0.114649,0
C3,2307.7308,89.152756,0.118781,0
C3,2308.2308,84.492195,0.125773,0
C3,2308.7308,78.265297,0.140541,1
C3,2309.2308,72.468369,0.157102,1
C3,2309.7308,67.172874,0.157539,1
C3,2310.2308,63.855217,0.146672,1
C3,2310.7308,62.844124,0.138929,1
C3,2311.2308,64.102165,0.134367,1
C3,2311.7308,68.006485,0.132726,1
C3,2312.2308,72.885368,0.129912,1
C3,2312.7308,78.900787,0.1239,1
C3,2313.2308,84.864456,0.117752,0
C3,2313.7308,90.767776,0.1119,0
C3,2314.2308,96.159805,0.106621,0
C3,2314.7308,100.95556,0.102137,0
C3,2315.2308,104.81736,0.0987,0
C3,2315.7308,107.59001,0.096505,0
C3,2316.2308,109.05384,0.09578,0
C3,2316.7308,108.99132,0.096676,0
C3,2317.2308,107.32386,0.099372,0
C3,2317.7308,103.78474,0.103193,0
C3,2318.2308,99.950401,0.107344,0
C3,2318.7308,95.771805,0.111274,0
C3,2319.2308,92.365417,0.114336,0
C3,2319.7308,89.859581,0.116287,0
C3,2320.2308,88.599472,0.11684,0
C3,2320.7308,88.79213,0.116483,0
C3,2321.2308,89.288734,0.115785,0
C3,2321.7308,90.139816,0.114981,0
C3,2322.2308,90.840012,0.114347,0
C3,2322.7308,91.364235,0.113902,0
C3,2323.2308,91.699036,0.11367,0
C3,2323.7308,91.81292,0.113805,0
C3,2324.2308,91.437584,0.114489,0
C3,2324.7308,90.491737,0.11544,0
C3,2325.2308,89.602264,0.116328,0
C3,2325.7308,88.778534,0.117167,0
C3,2326.2308,87.983978,0.117972,0
C3,2326.7308,87.223442,0.118206,0
C3,2327.2308,87.532944,0.117239,0
C3,2327.7308,89.090324,0.11538,0
C3,2328.2308,91.12075,0.11299,0
C3,2328.7308,93.702843,0.11042,0
C3,2329.2308,96.082779,0.108076,0
C3,2329.7308,98.226974,0.106343,0
C3,2330.2308,99.426758,0.105671,0
C3,2330.7308,99.525162,0.106205,0
C3,2331.2308,98.395912,0.108117,0
C3,2331.7308,95.834984,0.11092,0
C3,2332.2308,92.98484,0.114048,0
C3,2332.7308,89.797401,0.117084,0
C3,2333.2308,87.122604,0.119546,0
C3,2333.7308,85.045647,0.12115,0
C3,2334.2308,84.028198,0.121564,0
C3,2334.7308,84.246346,0.121011,0
C3,2335.2308,85.096138,0.119748,0
C3,2335.7308,86.682556,0.117963,0
C3,2336.2308,88.542435,0.115871,0
C3,2336.7308,90.721222,0.113678,0
C3,2337.2308,92.77491,0.111625,0
C3,2337.7308,94.682701,0.110156,0
C3,2338.2308,95.611397,0.109786,0
C3,2338.7308,95.39827,0.110765,0
C3,2339.2308,93.722244,0.113385,0
C3,2339.7308,90.340172,0.11713,0
C3,2340.2308,86.493973,0.121395,0
C3,2340.7308,82.106499,0.125141,0
C3,2341.2308,79.263359,0.127154,1
C3,2341.7308,78.221222,0.12732,1
C3,2342.2308,78.944016,0.125504,1
C3,2342.7308,81.725075,0.122381,1
C3,2343.2308,84.973869,0.118731,1
C3,2343.7308,88.76815,0.115471,0
C3,2344.2308,91.267799,0.113663,0
C3,2344.7308,92.257645,0.112924,0
C3,2345.2308,92.694458,0.112805,0
C3,2345.7308,92.486313,0.112828,0
C3,2346.2308,92.650345,0.112434,0
C3,2346.7308,93.248413,0.111405,0
C3,2347.2308,94.635864,0.109491,0
C3,2347.7308,96.943909,0.107267,0
C3,2348.2308,98.928802,0.105405,0
C3,2348.7308,100.53686,0.104387,0
C3,2349.2308,100.891,0.104779,0
C3,2349.7308,99.782829,0.106348,0
C3,2350.2308,97.862633,0.108828,0
C3,2350.7308,94.995445,0.111824,0
C3,2351.2308,92.077904,0.114878,0
C3,2351.7308,89.101646,0.118043,0
C3,2352.2308,85.969658,0.121382,0
C3,2352.7308,82.656052,0.124868,0
C3,2353.2308,79.241379,0.139806,0
C3,2353.7308,75.70887,0.152984,2
C3,2354.2308,72.669922,0.143343,2
C3,2354.7308,70.206566,0.139843,2
C3,2355.2308,69.328972,0.146998,2
C3,2355.7308,70.300697,0.144755,2
C3,2356.2308,72.809563,0.13363,2
C3,2356.7308,77.111046,0.125292,2
C3,2357.2308,80.982254,0.123087,2
C3,2357.7308,84.351669,0.120189,0
C3,2358.2308,86.575439,0.118577,0
C3,2358.7308,87.463158,0.118244,0
C3,2359.2308,87.218704,0.119182,0
C3,2359.7308,85.653893,0.120674,0
C3,2360.2308,84.338921,0.121885,0
C3,2360.7308,83.315315,0.122666,0
C3,2361.2308,82.831329,0.122842,0
C3,2361.7308,82.976654,0.123254,0
C3,2362.2308,82.034409,0.124888,0
C3,2362.7308,79.82383,0.121039,1
C3,2363.2308,76.860992,0.122012,1
C3,2363.7308,73.020851,0.138649,1
C3,2364.2308,69.956757,0.144016,1
C3,2364.7308,67.797676,0.14276,1
C3,2365.2308,67.756638,0.141224,1
C3,2365.7308,70.185677,0.12814,1
C3,2366.2308,73.153297,0.12572,1
C3,2366.7308,76.749008,0.129251,3
C3,2367.2308,78.215652,0.128225,3
C3,2367.7308,77.199387,0.122766,3
C3,2368.2308,75.184143,0.127844,1
C3,2368.7308,72.003914,0.150621,1
C3,2369.2308,69.13475,0.155258,1
C3,2369.7308,66.628349,0.152777,1
C3,2370.2308,66.035538,0.152758,1
C3,2370.7308,67.674339,0.148763,1
C3,2371.2308,70.28537,0.148355,1
C3,2371.7308,74.030212,0.137635,1
C3,2372.2308,77.978775,0.125776,1
C3,2372.7308,82.164902,0.121689,0
C3,2373.2308,85.867149,0.118146,0
C3,2373.7308,89.005081,0.115569,0
C3,2374.2308,90.840126,0.114455,0
C3,2374.7308,91.155731,0.114336,0
C3,2375.2308,91.070564,0.114667,0
C3,2375.7308,90.518005,0.115518,0
C3,2376.2308,89.428604,0.116971,0
C3,2376.7308,87.71312,0.118767,0
C3,2377.2308,85.960388,0.120606,0
C3,2377.7308,84.164223,0.122591,0
C3,2378.2308,82.128166,0.124846,0
C3,2378.7308,79.81234,0.126976,1
C3,2379.2308,78.015778,0.128524,1
C3,2379.7308,76.824791,0.12921,1
C3,2380.2308,76.692123,0.128708,1
C3,2380.7308,77.793648,0.127403,1
C3,2381.2308,79.210236,0.125745,1
C3,2381.7308,80.994247,0.124051,0
C3,2382.2308,82.478714,0.122694,0
C3,2382.7308,83.613853,0.121796,0
C3,2383.2308,84.212318,0.121501,0
C3,2383.7308,84.184898,0.121489,0
C3,2384.2308,84.235603,0.121389,0
C3,2384.7308,84.377426,0.1212,0
C3,2385.2308,84.601067,0.120919,0
C3,2385.7308,84.92012,0.120686,0
C3,2386.2308,85.050056,0.120665,0
C3,2386.7308,84.959457,0.120625,0
C3,2387.2308,85.125847,0.120298,0
C3,2387.7308,85.591934,0.119571,0
C3,2388.2308,86.529465,0.118315,0
C3,2388.7308,88.016785,0.116523,0
C3,2389.2308,89.98761,0.114189,0
C3,2389.7308,92.522285,0.111738,0
C3,2390.2308,94.719666,0.109665,0
C3,2390.7308,96.523689,0.10772,0
C3,2391.2308,98.47271,0.105613,0
C3,2391.7308,100.59081,0.103337,0
C3,2392.2308,102.8659,0.100885,0
C3,2392.7308,105.32408,0.098753,0
C3,2393.2308,106.98055,0.097521,0
C3,2393.7308,107.70207,0.097769,0
C3,2394.2308,106.50245,0.100172,0
C3,2394.7308,103.06242,0.104544,0
C3,2395.2308,98.064163,0.110664,0
C3,2395.7308,91.248703,0.117255,0
C3,2396.2308,85.342438,0.122826,0
C3,2396.7308,80.496498,0.126783,1
C3,2397.2308,77.703239,0.128437,1
C3,2397.7308,77.303818,0.127749,1
C3,2398.2308,79.032722,0.124672,1
C3,2398.7308,83.243675,0.120034,0
C3,2399.2308,87.98539,0.1148,0
C3,2399.7308,93.346077,0.109406,0
C3,2400.2308,98.396965,0.104359,0
C3,2400.7308,103.08657,0.0999,0
C3,2401.2308,107.00435,0.096306,0
C3,2401.7308,110.02206,0.093551,0
C3,2402.2308,112.3241,0.091598,0
C3,2402.7308,113.79153,0.090441,0
C3,2403.2308,114.55795,0.090069,0
C3,2403.7308,114.50687,0.090748,0
C3,2404.2308,113.24922,0.09278,0
C3,2404.7308,110.58448,0.0959,0
C3,2405.2308,107.22651,0.099799,0
C3,2405.7308,103.0601,0.1039,0
C3,2406.2308,99.310112,0.107534,0
C3,2406.7308,96.045738,0.110581,0
C3,2407.2308,93.428787,0.112901,0
C3,2407.7308,91.566849,0.114808,0
C3,2408.2308,89.747002,0.116669,0
C3,2408.7308,87.976234,0.118709,0
C3,2409.2308,85.809425,0.121194,0
C3,2409.7308,83.180763,0.123583,0
C3,2410.2308,81.196709,0.12525,0
C3,2410.7308,79.964409,0.126029,1
C3,2411.2308,79.691666,0.125732,1
C3,2411.7308,80.537956,0.124818,1
C3,2412.2308,81.45472,0.123826,1
C3,2412.7308,82.453659,0.122882,0
C3,2413.2308,83.276695,0.122136,0
C3,2413.7308,83.894592,0.121329,0
C3,2414.2308,84.834038,0.120161,0
C3,2414.7308,86.148468,0.118335,0
C3,2415.2308,88.359009,0.115503,0
C3,2415.7308,91.614601,0.112161,0
C3,2416.2308,94.80957,0.108888,0
C3,2416.7308,97.933838,0.106386,0
C3,2417.2308,99.637611,0.105479,0
C3,2417.7308,99.684807,0.106299,0
C3,2418.2308,98.053802,0.109003,0
C3,2418.7308,94.465683,0.112921,0
C3,2419.2308,90.490173,0.117275,0
C3,2419.7308,86.062897,0.121258,0
C3,2420.2308,82.80088,0.123934,0
C3,2420.7308,80.897781,0.12516,1
C3,2421.2308,80.435951,0.124768,1
C3,2421.7308,81.654907,0.123374,0
C3,2422.2308,83.125359,0.121699,0
C3,2422.7308,84.889084,0.119845,0
C3,2423.2308,86.704002,0.117933,0
C3,2423.7308,88.578629,0.116142,0
C3,2424.2308,90.162132,0.114677,0
C3,2424.7308,91.406143,0.11363,0
C3,2425.2308,92.182259,0.113109,0
C3,2425.7308,92.412704,0.113207,0
C3,2426.2308,91.993027,0.114034,0
C3,2426.7308,90.815178,0.11518,0
C3,2427.2308,89.780739,0.116166,0
C3,2427.7308,88.913528,0.116816,0
C3,2428.2308,88.525711,0.116928,0
C3,2428.7308,88.696976,0.117105,0
C3,2429.2308,88.184715,0.118049,0
C3,2429.7308,86.875328,0.119862,0
C3,2430.2308,84.68515,0.122663,0
C3,2430.7308,81.467796,0.125592,0
C3,2431.2308,79.03167,0.127644,0
C3,2431.7308,77.506615,0.128332,0
C3,2432.2308,77.704376,0.127086,0
C3,2432.7308,79.911293,,
C4,1809.0039,88.231148,0.212444,
C4,1809.5039,92.5373,0.244978,
C4,1810.0039,96.789101,0.228098,
C4,1810.5039,94.063576,0.233855,1
C4,1811.0039,91.305397,0.221261,1
C4,1811.5039,84.353271,0.263187,1
C4,1812.0039,77.407532,0.258038,1
C4,1812.5039,71.280823,0.252006,1
C4,1813.0039,65.189362,0.231704,1
C4,1813.5039,63.624596,0.258656,0
C4,1814.0039,62.070019,0.23745,0
C4,1814.5039,61.823048,0.268178,0
C4,1815.0039,61.588707,0.271766,0
C4,1815.5039,62.976089,0.241038,0
C4,1816.0039,64.359413,0.284606,0
C4,1816.5039,65.220917,0.268402,0
C4,1817.0039,66.074471,0.259917,0
C4,1817.5039,65.906113,0.249383,1
C4,1818.0039,65.724556,0.266823,1
C4,1818.5039,63.845905,0.280485,1
C4,1819.0039,61.953041,0.220498,1
C4,1819.5039,58.235161,0.270406,1
C4,1820.0039,54.547626,0.255406,1
C4,1820.5039,54.756397,0.257265,1
C4,1821.0039,54.953323,0.236554,1
C4,1821.5039,53.630001,0.261697,1
C4,1822.0039,52.346478,0.277104,1
C4,1822.5039,56.172947,0.278869,1
C4,1823.0039,59.981903,0.302912,1
C4,1823.5039,61.541584,0.269097,1
C4,1824.0039,63.122448,0.243368,1
C4,1824.5039,67.423065,0.250409,1
C4,1825.0039,71.68219,0.287436,0
C4,1825.5039,70.613609,0.264435,3
C4,1826.0039,69.556725,0.293895,3
C4,1826.5039,70.00325,0.272072,2
C4,1827.0039,70.435051,0.274627,2
C4,1827.5039,68.975098,0.244199,2
C4,1828.0039,67.515343,0.263637,2
C4,1828.5039,66.07946,0.269246,2
C4,1829.0039,64.617516,0.298632,2
C4,1829.5039,59.808983,0.291665,2
C4,1830.0039,55.030266,0.293357,2
C4,1830.5039,54.080299,0.264789,2
C4,1831.0039,53.176689,0.228281,1
C4,1831.5039,58.225731,0.243233,1
C4,1832.0039,63.302532,0.300134,1
C4,1832.5039,71.944633,0.244563,1
C4,1833.0039,80.570168,0.244705,1
C4,1833.5039,87.069092,0.230611,1
C4,1834.0039,93.532425,0.252836,1
C4,1834.5039,95.424965,0.229396,1
C4,1835.0039,97.313538,0.227564,1
C4,1835.5039,98.692963,0.226226,1
C4,1836.0039,100.06966,0.224889,1
C4,1836.5039,101.09657,0.223893,1
C4,1837.0039,102.08529,0.222934,1
C4,1837.5039,98.167442,0.226687,1
C4,1838.0039,94.211823,0.22464,1
C4,1838.5039,85.407654,0.277677,1
C4,1839.0039,76.584663,0.260382,1
C4,1839.5039,65.345131,0.25296,2
C4,1840.0039,54.194244,0.305855,2
C4,1840.5039,54.425308,0.280841,2
C4,1841.0039,54.700451,0.277668,2
C4,1841.5039,60.635189,0.250902,3
C4,1842.0039,66.598885,0.249873,3
C4,1842.5039,76.280487,0.269712,3
C4,1843.0039,85.872833,0.244745,3
C4,1843.5039,84.006432,0.22423,1
C4,1844.0039,82.109955,0.227474,1
C4,1844.5039,76.352707,0.249187,2
C4,1845.0039,70.571564,0.254358,2
C4,1845.5039,61.721462,0.238454,2
C4,1846.0039,52.926834,0.285104,2
C4,1846.5039,51.254284,0.287735,2
C4,1847.0039,49.605076,0.27492,1
C4,1847.5039,50.952454,0.28269,1
C4,1848.0039,52.30991,0.266884,1
C4,1848.5039,54.962059,0.253167,1
C4,1849.0039,57.606316,0.276335,1
C4,1849.5039,59.237846,0.28271,1
C4,1850.0039,60.87392,0.248421,1
C4,1850.5039,63.093246,0.272035,1
C4,1851.0039,65.327667,0.259054,1
C4,1851.5039,69.49987,0.269636,1
C4,1852.0039,73.660362,0.264412,1
C4,1852.5039,76.317413,0.234654,1
C4,1853.0039,78.946747,0.256101,1
C4,1853.5039,78.015846,0.292482,1
C4,1854.0039,77.065147,0.266206,1
C4,1854.5039,73.572876,0.265386,1
C4,1855.0039,70.097504,0.294696,2
C4,1855.5039,68.791946,0.237703,2
C4,1856.0039,67.502953,0.259724,2
C4,1856.5039,68.340141,0.264107,2
C4,1857.0039,69.197014,0.259899,2
C4,1857.5039,72.582695,0.240074,2
C4,1858.0039,75.946075,0.252261,2
C4,1858.5039,76.445999,0.263227,2
C4,1859.0039,76.942474,0.236127,1
C4,1859.5039,76.995056,0.249144,1
C4,1860.0039,77.018372,0.23641,1
C4,1860.5039,73.284966,0.229983,1
C4,1861.0039,69.569618,0.273967,1
C4,1861.5039,68.172844,0.266578,1
C4,1862.0039,66.787025,0.264778,0
C4,1862.5039,66.808807,0.23144,0
C4,1863.0039,66.848099,0.261823,0
C4,1863.5039,69.136765,0.234579,0
C4,1864.0039,71.424141,0.246223,0
C4,1864.5039,73.546288,0.261129,0
C4,1865.0039,75.65152,0.263479,3
C4,1865.5039,75.586639,0.272325,3
C4,1866.0039,75.531021,0.260672,3
C4,1866.5039,76.663963,0.251378,2
C4,1867.0039,77.778603,0.249019,2
C4,1867.5039,76.543297,0.270412,2
C4,1868.0039,75.319862,0.248389,2
C4,1868.5039,75.620979,0.266864,2
C4,1869.0039,75.906868,0.215544,2
C4,1869.5039,74.238541,0.277752,2
C4,1870.0039,72.580887,0.22367,2
C4,1870.5039,72.294525,0.266768,2
C4,1871.0039,71.991646,0.248797,2
C4,1871.5039,69.567261,0.246706,2
C4,1872.0039,67.144516,0.272295,2
C4,1872.5039,64.931725,0.252141,2
C4,1873.0039,62.733486,0.248868,2
C4,1873.5039,62.404732,0.266168,2
C4,1874.0039,62.082561,0.247539,2
C4,1874.5039,62.605854,0.259617,1
C4,1875.0039,63.144192,0.244681,1
C4,1875.5039,65.613747,0.268087,1
C4,1876.0039,68.075996,0.270453,1
C4,1876.5039,69.601471,0.271203,1
C4,1877.0039,71.157448,0.243453,1
C4,1877.5039,76.629707,0.239796,1
C4,1878.0039,82.088387,0.257528,1
C4,1878.5039,85.80336,0.236953,1
C4,1879.0039,89.523117,0.220464,1
C4,1879.5039,93.858017,0.221343,1
C4,1880.0039,98.157188,0.216745,1
C4,1880.5039,97.869301,0.217024,1
C4,1881.0039,97.56665,0.217317,0
C4,1881.5039,95.368851,0.219238,0
C4,1882.0039,93.142288,0.194217,0
C4,1882.5039,87.223709,0.2108,0
C4,1883.0039,81.296867,0.208359,0
C4,1883.5039,74.307755,0.247131,0
C4,1884.0039,67.337753,0.259283,1
C4,1884.5039,62.822205,0.23503,1
C4,1885.0039,58.324425,0.262175,1
C4,1885.5039,56.107334,0.241546,1
C4,1886.0039,53.921497,0.296411,1
C4,1886.5039,55.74786,0.228582,1
C4,1887.0039,57.592316,0.252161,1
C4,1887.5039,61.75993,0.245118,1
C4,1888.0039,65.937431,0.239453,1
C4,1888.5039,71.383904,0.250639,1
C4,1889.0039,76.834557,0.234773,1
C4,1889.5039,82.822105,0.232983,1
C4,1890.0039,88.748703,0.243764,3
C4,1890.5039,86.849449,0.266802,3
C4,1891.0039,84.934525,0.236706,3
C4,1891.5039,81.007088,0.254929,3
C4,1892.0039,77.041824,0.24214,2
C4,1892.5039,68.21949,0.255373,2
C4,1893.0039,59.447353,0.243556,2
C4,1893.5039,57.121746,0.282542,2
C4,1894.0039,54.80426,0.240074,2
C4,1894.5039,53.529133,0.2655,2
C4,1895.0039,52.280697,0.245938,1
C4,1895.5039,54.458866,0.242044,1
C4,1896.0039,56.629799,0.282865,1
C4,1896.5039,57.872009,0.279357,1
C4,1897.0039,59.114456,0.228458,1
C4,1897.5039,60.38686,0.235705,1
C4,1898.0039,61.660553,0.262746,1
C4,1898.5039,63.10001,0.253914,1
C4,1899.0039,64.541969,0.219768,1
C4,1899.5039,66.305618,0.285754,1
C4,1900.0039,68.066101,0.230849,1
C4,1900.5039,69.418564,0.212016,1
C4,1901.0039,70.758881,0.240303,1
C4,1901.5039,70.540253,0.249667,1
C4,1902.0039,70.304001,0.271835,1
C4,1902.5039,67.806442,0.239291,1
C4,1903.0039,65.322678,0.250481,1
C4,1903.5039,64.608704,0.239555,1
C4,1904.0039,63.886971,0.258458,1
C4,1904.5039,62.169674,0.243021,1
C4,1905.0039,60.49234,0.266853,1
C4,1905.5039,63.946293,0.241814,1
C4,1906.0039,67.384094,0.23121,1
C4,1906.5039,68.748322,0.202016,2
C4,1907.0039,70.134651,0.247113,1
C4,1907.5039,74.359756,0.242646,1
C4,1908.0039,78.546951,0.209093,1
C4,1908.5039,77.866951,0.198588,0
C4,1909.0039,77.190544,0.21154,0
C4,1909.5039,76.975395,0.223885,0
C4,1910.0039,76.748146,0.272379,1
C4,1910.5039,74.96608,0.207822,1
C4,1911.0039,73.177444,0.268302,1
C4,1911.5039,70.546806,0.219426,1
C4,1912.0039,67.918716,0.21752,1
C4,1912.5039,65.618637,0.258285,1
C4,1913.0039,63.316341,0.260916,1
C4,1913.5039,60.728542,0.253693,1
C4,1914.0039,58.187065,0.229225,1
C4,1914.5039,61.592659,0.260194,1
C4,1915.0039,64.989159,0.283869,1
C4,1915.5039,67.217453,0.24483,1
C4,1916.0039,69.441666,0.270434,1
C4,1916.5039,71.142975,0.245209,1
C4,1917.0039,72.803841,0.258771,1
C4,1917.5039,69.271957,0.260307,1
C4,1918.0039,65.741943,0.24845,2
C4,1918.5039,62.450016,0.239872,2
C4,1919.0039,59.185207,0.256411,2
C4,1919.5039,59.401859,0.209615,1
C4,1920.0039,59.618446,0.238381,1
C4,1920.5039,59.827358,0.248529,1
C4,1921.0039,60.045479,0.234011,2
C4,1921.5039,61.446091,0.245957,2
C4,1922.0039,62.847439,0.219888,1
C4,1922.5039,64.343712,0.23721,1
C4,1923.0039,65.882347,0.269056,1
C4,1923.5039,72.861771,0.243717,1
C4,1924.0039,79.856033,0.254414,1
C4,1924.5039,88.755806,0.197438,2
C4,1925.0039,97.624474,0.217261,0
C4,1925.5039,102.49944,0.212532,0
C4,1926.0039,107.31493,0.20786,0
C4,1926.5039,104.49176,0.210599,0
C4,1927.0039,101.61876,0.213639,0
C4,1927.5039,92.345901,0.254702,1
C4,1928.0039,83.068512,0.223671,2
C4,1928.5039,73.207962,0.232941,2
C4,1929.0039,63.383907,0.257408,2
C4,1929.5039,58.245003,0.264307,2
C4,1930.0039,53.150391,0.257814,2
C4,1930.5039,53.742996,0.24602,2
C4,1931.0039,54.367786,0.291045,2
C4,1931.5039,59.124821,0.272643,2
C4,1932.0039,63.863876,0.241896,2
C4,1932.5039,66.294273,0.241118,2
C4,1933.0039,68.719917,0.228263,2
C4,1933.5039,70.535065,0.256302,1
C4,1934.0039,72.32885,0.247574,1
C4,1934.5039,71.379829,0.245513,1
C4,1935.0039,70.444046,0.247937,1
C4,1935.5039,71.208054,0.225034,1
C4,1936.0039,71.972549,0.253887,1
C4,1936.5039,72.800697,0.254456,1
C4,1937.0039,73.64315,0.214104,1
C4,1937.5039,76.321724,0.267048,1
C4,1938.0039,79.01265,0.270139,1
C4,1938.5039,83.289116,0.258763,1
C4,1939.0039,87.537544,0.194958,0
C4,1939.5039,88.186569,0.242187,1
C4,1940.0039,88.829796,0.246073,1
C4,1940.5039,88.728432,0.214244,1
C4,1941.0039,88.616867,0.240916,1
C4,1941.5039,87.196152,0.238431,1
C4,1942.0039,85.803268,0.240694,1
C4,1942.5039,87.982971,0.261099,1
C4,1943.0039,90.135239,0.224311,1
C4,1943.5039,88.764946,0.258876,1
C4,1944.0039,87.365677,0.23627,1
C4,1944.5039,82.246887,0.218923,1
C4,1945.0039,77.12114,0.233757,1
C4,1945.5039,71.103386,0.254129,2
C4,1946.0039,65.130928,0.261779,2
C4,1946.5039,64.975159,0.253425,2
C4,1947.0039,64.843925,0.240309,2
C4,1947.5039,67.863304,0.263154,2
C4,1948.0039,70.885857,0.27591,1
C4,1948.5039,74.31646,0.293855,1
C4,1949.0039,77.741631,0.22854,1
C4,1949.5039,80.470779,0.201709,1
C4,1950.0039,83.207809,0.272657,1
C4,1950.5039,86.956696,0.2214,1
C4,1951.0039,90.700127,0.244073,1
C4,1951.5039,93.742958,0.262572,1
C4,1952.0039,96.764244,0.218096,1
C4,1952.5039,97.018257,0.21785,1
C4,1953.0039,97.241943,0.217566,1
C4,1953.5039,93.57,0.212717,1
C4,1954.0039,89.89222,0.229967,1
C4,1954.5039,85.466682,0.241461,2
C4,1955.0039,81.043221,0.243278,2
C4,1955.5039,76.885445,0.224717,2
C4,1956.0039,72.774628,0.240825,2
C4,1956.5039,74.692299,0.244511,2
C4,1957.0039,76.61676,0.242496,2
C4,1957.5039,79.412773,0.238666,2
C4,1958.0039,82.205612,0.22548,0
C4,1958.5039,84.590324,0.129511,0
C4,1959.0039,86.932991,0.165435,0
C4,1959.5039,83.876785,0.132246,0
C4,1960.0039,80.824501,0.142271,0
C4,1960.5039,78.275208,0.151792,1
C4,1961.0039,75.742027,0.165605,1
C4,1961.5039,75.277916,0.156987,1
C4,1962.0039,74.820007,0.100554,0
C4,1962.5039,75.159164,0.156523,0
C4,1963.0039,75.493797,0.13823,3
C4,1963.5039,75.247589,0.109864,3
C4,1964.0039,74.981262,0.193232,0
C4,1964.5039,72.132622,0.163259,0
C4,1965.0039,69.295105,0.147306,1
C4,1965.5039,67.888641,0.185041,1
C4,1966.0039,66.477478,0.177327,1
C4,1966.5039,64.462364,0.166302,1
C4,1967.0039,62.459316,0.150041,1
C4,1967.5039,62.005207,0.184733,1
C4,1968.0039,61.548641,0.14814,1
C4,1968.5039,60.777115,0.141887,1
C4,1969.0039,59.996498,0.155927,1
C4,1969.5039,58.04818,0.152238,1
C4,1970.0039,56.110771,0.13866,2
C4,1970.5039,55.573601,0.164243,2
C4,1971.0039,55.050381,0.163419,2
C4,1971.5039,56.318539,0.175231,2
C4,1972.0039,57.610516,0.178293,2
C4,1972.5039,61.960533,0.150972,2
C4,1973.0039,66.284409,0.154036,2
C4,1973.5039,67.251137,0.158102,2
C4,1974.0039,68.200912,0.147387,2
C4,1974.5039,66.974953,0.189397,2
C4,1975.0039,65.764236,0.106075,1
C4,1975.5039,66.510857,0.126434,1
C4,1976.0039,67.279877,0.172759,1
C4,1976.5039,70.925896,0.151826,1
C4,1977.0039,74.600304,0.159487,1
C4,1977.5039,81.918724,0.155532,1
C4,1978.0039,89.22319,0.13836,1
C4,1978.5039,94.736565,0.123276,1
C4,1979.0039,100.27742,0.124688,1
C4,1979.5039,109.34671,0.115889,1
C4,1980.0039,118.40412,0.107102,1
C4,1980.5039,125.93598,0.099795,0
C4,1981.0039,133.46309,0.092492,0
C4,1981.5039,140.3821,0.08578,0
C4,1982.0039,147.26758,0.0791,0
C4,1982.5039,149.84911,0.076595,0
C4,1983.0039,152.41544,0.074105,0
C4,1983.5039,153.02687,0.073511,0
C4,1984.0039,153.62225,0.072934,0
C4,1984.5039,152.15739,0.074356,0
C4,1985.0039,150.69292,0.075777,0
C4,1985.5039,149.2802,0.077148,0
C4,1986.0039,147.87254,0.078513,0
C4,1986.5039,147.11565,0.079247,0
C4,1987.0039,146.37206,0.079968,0
C4,1987.5039,147.33633,0.079033,0
C4,1988.0039,148.28935,0.078108,0
C4,1988.5039,147.79289,0.07859,0
C4,1989.0039,147.29343,0.079075,0
C4,1989.5039,146.40924,0.079933,0
C4,1990.0039,145.52489,0.08079,0
C4,1990.5039,144.62006,0.081668,0
C4,1991.0039,143.7325,0.082529,0
C4,1991.5039,145.06615,0.081235,0
C4,1992.0039,146.40451,0.079936,0
C4,1992.5039,148.35118,0.078048,0
C4,1993.0039,150.29388,0.076163,0
C4,1993.5039,151.72473,0.074775,0
C4,1994.0039,153.14977,0.073393,0
C4,1994.5039,153.8295,0.072733,0
C4,1995.0039,154.4995,0.072083,0
C4,1995.5039,153.91864,0.072647,0
C4,1996.0039,153.34216,0.073206,0
C4,1996.5039,153.32709,0.073221,0
C4,1997.0039,153.30486,0.073242,0
C4,1997.5039,152.36816,0.074151,0
C4,1998.0039,151.43941,0.075052,0
C4,1998.5039,151.52844,0.074966,0
C4,1999.0039,151.6078,0.074889,0
C4,1999.5039,150.4437,0.076019,0
C4,2000.0039,149.28526,0.077142,0
C4,2000.5039,148.8564,0.077558,0
C4,2001.0039,148.41664,0.077985,0
C4,2001.5039,146.57788,0.079769,0
C4,2002.0039,144.7471,0.081545,0
C4,2002.5039,143.93906,0.082329,0
C4,2003.0039,143.12889,0.083114,0
C4,2003.5039,142.04666,0.084164,0
C4,2004.0039,140.98273,0.085196,0
C4,2004.5039,142.26717,0.08395,0
C4,2005.0039,143.54758,0.082708,0
C4,2005.5039,144.30888,0.08197,0
C4,2006.0039,145.06873,0.081233,0
C4,2006.5039,145.63945,0.080679,0
C4,2007.0039,146.1971,0.080137,0
C4,2007.5039,145.07639,0.081225,0
C4,2008.0039,143.95615,0.082312,0
C4,2008.5039,142.90121,0.083336,0
C4,2009.0039,141.85641,0.084349,0
C4,2009.5039,142.11404,0.084099,0
C4,2010.0039,142.3692,0.083851,0
C4,2010.5039,142.31232,0.083907,0
C4,2011.0039,142.25388,0.083964,0
C4,2011.5039,141.99484,0.084215,0
C4,2012.0039,141.73415,0.084468,0
C4,2012.5039,141.25626,0.084931,0
C4,2013.0039,140.79742,0.085376,0
C4,2013.5039,142.78687,0.083446,0
C4,2014.0039,144.79155,0.081501,0
C4,2014.5039,148.75473,0.077656,0
C4,2015.0039,152.70468,0.073824,0
C4,2015.5039,154.95737,0.071639,0
C4,2016.0039,157.19324,0.069469,0
C4,2016.5039,157.27274,0.069392,0
C4,2017.0039,157.32787,0.069339,0
C4,2017.5039,154.25468,0.072321,0
C4,2018.0039,151.1907,0.075293,0
C4,2018.5039,149.30692,0.077121,0
C4,2019.0039,147.42355,0.078948,0
C4,2019.5039,145.59547,0.080722,0
C4,2020.0039,143.78317,0.082479,0
C4,2020.5039,143.99371,0.082275,0
C4,2021.0039,144.19902,0.082077,0
C4,2021.5039,143.72961,0.082533,0
C4,2022.0039,143.26431,0.082984,0
C4,2022.5039,143.32509,0.082925,0
C4,2023.0039,143.38159,0.08287,0
C4,2023.5039,142.8895,0.083348,0
C4,2024.0039,142.40515,0.083817,0
C4,2024.5039,142.91815,0.083319,0
C4,2025.0039,143.42783,0.082824,0
C4,2025.5039,143.5137,0.082741,0
C4,2026.0039,143.6044,0.082654,0
C4,2026.5039,144.31274,0.081966,0
C4,2027.0039,145.0164,0.081283,0
C4,2027.5039,145.11816,0.081185,0
C4,2028.0039,145.22446,0.081082,0
C4,2028.5039,145.91122,0.080416,0
C4,2029.0039,146.59088,0.079756,0
C4,2029.5039,146.35588,0.079984,0
C4,2030.0039,146.11467,0.080218,0
C4,2030.5039,145.0761,0.081225,0
C4,2031.0039,144.0369,0.082233,0
C4,2031.5039,142.91699,0.083319,0
C4,2032.0039,141.80727,0.084397,0
C4,2032.5039,142.00562,0.084205,0
C4,2033.0039,142.22102,0.083995,0
C4,2033.5039,144.62492,0.081663,0
C4,2034.0039,147.02718,0.079333,0
C4,2034.5039,149.22066,0.077205,0
C4,2035.0039,151.40102,0.075089,0
C4,2035.5039,151.89453,0.07461,0
C4,2036.0039,152.37018,0.074149,0
C4,2036.5039,150.55334,0.075912,0
C4,2037.0039,148.73486,0.077676,0
C4,2037.5039,146.70609,0.079644,0
C4,2038.0039,144.67664,0.081613,0
C4,2038.5039,142.5593,0.083667,0
C4,2039.0039,140.45882,0.085705,0
C4,2039.5039,140.52557,0.085641,0
C4,2040.0039,140.59406,0.085574,0
C4,2040.5039,140.88329,0.085293,0
C4,2041.0039,141.18625,0.084999,0
C4,2041.5039,143.256,0.082991,0
C4,2042.0039,145.31235,0.080996,0
C4,2042.5039,145.65166,0.080667,0
C4,2043.0039,145.99623,0.080332,0
C4,2043.5039,147.01456,0.079344,0
C4,2044.0039,148.0238,0.078365,0
C4,2044.5039,147.86523,0.078519,0
C4,2045.0039,147.70853,0.078671,0
C4,2045.5039,147.79015,0.078592,0
C4,2046.0039,147.86116,0.078524,0
C4,2046.5039,146.57242,0.079774,0
C4,2047.0039,145.28168,0.081026,0
C4,2047.5039,143.73428,0.082528,0
C4,2048.0039,142.19008,0.084025,0
C4,2048.5039,141.05733,0.085124,0
C4,2049.0039,139.92853,0.08622,0
C4,2049.5039,139.30684,0.086823,0
C4,2050.0039,138.69031,0.087421,0
C4,2050.5039,138.73561,0.087377,0
C4,2051.0039,138.77864,0.087335,0
C4,2051.5039,138.52957,0.087577,0
C4,2052.0039,138.28426,0.087814,0
C4,2052.5039,138.52396,0.087582,0
C4,2053.0039,138.76173,0.087351,0
C4,2053.5039,138.75578,0.087357,0
C4,2054.0039,138.76019,0.087353,0
C4,2054.5039,140.09468,0.086059,0
C4,2055.0039,141.43159,0.084762,0
C4,2055.5039,143.08226,0.08316,0
C4,2056.0039,144.73824,0.081553,0
C4,2056.5039,147.07504,0.079286,0
C4,2057.0039,149.39696,0.077033,0
C4,2057.5039,149.8103,0.076632,0
C4,2058.0039,150.2139,0.07624,0
C4,2058.5039,149.36281,0.077066,0
C4,2059.0039,148.50829,0.077896,0
C4,2059.5039,147.21506,0.079151,0
C4,2060.0039,145.92665,0.0804,0
C4,2060.5039,145.25717,0.08105,0
C4,2061.0039,144.59241,0.081694,0
C4,2061.5039,144.53564,0.081749,0
C4,2062.0039,144.47998,0.081803,0
C4,2062.5039,144.56514,0.081721,0
C4,2063.0039,144.64861,0.08164,0
C4,2063.5039,144.51485,0.08177,0
C4,2064.0039,144.38058,0.0819,0
C4,2064.5039,144.1825,0.082092,0
C4,2065.0039,143.98402,0.082285,0
C4,2065.5039,143.73987,0.082522,0
C4,2066.0039,143.50752,0.082747,0
C4,2066.5039,144.79128,0.081501,0
C4,2067.0039,146.08304,0.080249,0
C4,2067.5039,148.40076,0.078001,0
C4,2068.0039,150.71349,0.075756,0
C4,2068.5039,152.38809,0.074131,0
C4,2069.0039,154.05513,0.072514,0
C4,2069.5039,154.74768,0.071842,0
C4,2070.0039,155.42839,0.071182,0
C4,2070.5039,154.58717,0.071998,0
C4,2071.0039,153.74489,0.072815,0
C4,2071.5039,152.76515,0.073766,0
C4,2072.0039,151.77316,0.074728,0
C4,2072.5039,149.20987,0.077215,0
C4,2073.0039,146.65398,0.079695,0
C4,2073.5039,145.04951,0.081252,0
C4,2074.0039,143.45276,0.082801,0
C4,2074.5039,142.84344,0.083392,0
C4,2075.0039,142.25612,0.083961,0
C4,2075.5039,144.49184,0.081792,0
C4,2076.0039,146.71855,0.079632,0
C4,2076.5039,147.7861,0.078597,0
C4,2077.0039,148.83932,0.077575,0
C4,2077.5039,148.05318,0.078337,0
C4,2078.0039,147.25792,0.079109,0
C4,2078.5039,145.29289,0.081016,0
C4,2079.0039,143.34306,0.082907,0
C4,2079.5039,143.34412,0.082906,0
C4,2080.0039,143.3701,0.082881,0
C4,2080.5039,146.59221,0.079755,0
C4,2081.0039,149.80682,0.076636,0
C4,2081.5039,152.05936,0.074451,0
C4,2082.0039,154.30351,0.072273,0
C4,2082.5039,155.47495,0.071137,0
C4,2083.0039,156.6292,0.070017,0
C4,2083.5039,155.57591,0.071039,0
C4,2084.0039,154.53267,0.072051,0
C4,2084.5039,154.78384,0.071807,0
C4,2085.0039,155.02737,0.071571,0
C4,2085.5039,154.28943,0.072287,0
C4,2086.0039,153.5493,0.073005,0
C4,2086.5039,152.52577,0.073998,0
C4,2087.0039,151.49332,0.074999,0
C4,2087.5039,149.31403,0.077114,0
C4,2088.0039,147.14203,0.079221,0
C4,2088.5039,145.90424,0.080422,0
C4,2089.0039,144.66901,0.081621,0
C4,2089.5039,143.75961,0.082503,0
C4,2090.0039,142.8544,0.083381,0
C4,2090.5039,142.48164,0.083743,0
C4,2091.0039,142.11263,0.0841,0
C4,2091.5039,142.22404,0.083992,0
C4,2092.0039,142.34492,0.083875,0
C4,2092.5039,143.68098,0.082579,0
C4,2093.0039,145.01447,0.081285,0
C4,2093.5039,146.02147,0.080308,0
C4,2094.0039,147.02626,0.079334,0
C4,2094.5039,147.74451,0.078637,0
C4,2095.0039,148.45488,0.077947,0
C4,2095.5039,148.1564,0.078236,0
C4,2096.0039,147.8636,0.078521,0
C4,2096.5039,148.29814,0.078099,0
C4,2097.0039,148.72487,0.077685,0
C4,2097.5039,148.14639,0.078247,0
C4,2098.0039,147.56564,0.078811,0
C4,2098.5039,146.69235,0.079658,0
C4,2099.0039,145.81477,0.080509,0
C4,2099.5039,144.38821,0.081893,0
C4,2100.0039,142.97105,0.083268,0
C4,2100.5039,142.75917,0.083474,0
C4,2101.0039,142.55295,0.083673,0
C4,2101.5039,143.07191,0.08317,0
C4,2102.0039,143.59303,0.082664,0
C4,2102.5039,144.39021,0.081891,0
C4,2103.0039,145.18048,0.081124,0
C4,2103.5039,145.08321,0.081218,0
C4,2104.0039,144.98688,0.081312,0
C4,2104.5039,145.01025,0.081289,0
C4,2105.0039,145.03456,0.081266,0
C4,2105.5039,145.17845,0.081126,0
C4,2106.0039,145.32771,0.080982,0
C4,2106.5039,146.16652,0.080168,0
C4,2107.0039,147.00394,0.079355,0
C4,2107.5039,147.66402,0.078714,0
C4,2108.0039,148.32372,0.078074,0
C4,2108.5039,148.93304,0.077483,0
C4,2109.0039,149.54192,0.076893,0
C4,2109.5039,150.08722,0.076364,0
C4,2110.0039,150.63087,0.075837,0
C4,2110.5039,150.96378,0.075513,0
C4,2111.0039,151.29991,0.075187,0
C4,2111.5039,152.0546,0.074455,0
C4,2112.0039,152.81075,0.073722,0
C4,2112.5039,153.7547,0.072806,0
C4,2113.0039,154.69542,0.071893,0
C4,2113.5039,155.2182,0.071385,0
C4,2114.0039,155.72931,0.070889,0
C4,2114.5039,154.74033,0.071849,0
C4,2115.0039,153.73955,0.07282,0
C4,2115.5039,151.22469,0.07526,0
C4,2116.0039,148.70915,0.077701,0
C4,2116.5039,146.10498,0.080227,0
C4,2117.0039,143.50893,0.082746,0
C4,2117.5039,141.95222,0.084257,0
C4,2118.0039,140.4064,0.085756,0
C4,2118.5039,140.25568,0.085902,0
C4,2119.0039,140.11307,0.08604,0
C4,2119.5039,141.01593,0.085164,0
C4,2120.0039,141.91925,0.084288,0
C4,2120.5039,142.88231,0.083354,0
C4,2121.0039,143.84547,0.08242,0
C4,2121.5039,144.82555,0.081469,0
C4,2122.0039,145.80107,0.080522,0
C4,2122.5039,146.19392,0.080141,0
C4,2123.0039,146.57903,0.079768,0
C4,2123.5039,145.96854,0.08036,0
C4,2124.0039,145.35744,0.080952,0
C4,2124.5039,144.66747,0.081622,0
C4,2125.0039,143.97369,0.082295,0
C4,2125.5039,142.78911,0.083445,0
C4,2126.0039,141.62338,0.084576,0
C4,2126.5039,142.88,0.083356,0
C4,2127.0039,144.13261,0.08214,0
C4,2127.5039,144.87428,0.081421,0
C4,2128.0039,145.62376,0.080694,0
C4,2128.5039,147.37675,0.078993,0
C4,2129.0039,149.10719,0.077315,0
C4,2129.5039,147.94138,0.078446,0
C4,2130.0039,146.7758,0.079576,0
C4,2130.5039,145.64424,0.080674,0
C4,2131.0039,144.50606,0.081779,0
C4,2131.5039,142.51984,0.083706,0
C4,2132.0039,140.54663,0.085619,0
C4,2132.5039,140.24385,0.085913,0
C4,2133.0039,139.9545,0.086194,0
C4,2133.5039,141.39201,0.084799,0
C4,2134.0039,142.83704,0.083398,0
C4,2134.5039,145.24429,0.081062,0
C4,2135.0039,147.65565,0.078723,0
C4,2135.5039,150.59689,0.07587,0
C4,2136.0039,153.51961,0.073034,0
C4,2136.5039,154.06113,0.072509,0
C4,2137.0039,154.59142,0.071994,0
C4,2137.5039,153.67789,0.072881,0
C4,2138.0039,152.75188,0.073779,0
C4,2138.5039,150.22166,0.076234,0
C4,2139.0039,147.70023,0.078679,0
C4,2139.5039,146.30089,0.080037,0
C4,2140.0039,144.90404,0.081392,0
C4,2140.5039,143.82886,0.082436,0
C4,2141.0039,142.75739,0.083475,0
C4,2141.5039,142.16435,0.08405,0
C4,2142.0039,141.57272,0.084624,0
C4,2142.5039,141.16064,0.085024,0
C4,2143.0039,140.75951,0.085413,0
C4,2143.5039,141.76019,0.084442,0
C4,2144.0039,142.76581,0.083467,0
C4,2144.5039,144.40503,0.081876,0
C4,2145.0039,146.0416,0.080288,0
C4,2145.5039,147.33565,0.079032,0
C4,2146.0039,148.61658,0.07779,0
C4,2146.5039,148.20659,0.078188,0
C4,2147.0039,147.7874,0.078595,0
C4,2147.5039,146.18231,0.080152,0
C4,2148.0039,144.57236,0.081714,0
C4,2148.5039,142.33928,0.08388,0
C4,2149.0039,140.11687,0.086036,0
C4,2149.5039,139.26463,0.086863,0
C4,2150.0039,138.41739,0.087686,0
C4,2150.5039,138.20982,0.087887,0
C4,2151.0039,138.01643,0.088075,0
C4,2151.5039,139.64325,0.086497,0
C4,2152.0039,141.26978,0.084918,0
C4,2152.5039,142.85982,0.083375,0
C4,2153.0039,144.4572,0.081826,0
C4,2153.5039,147.00101,0.079358,0
C4,2154.0039,149.52673,0.076907,0
C4,2154.5039,149.73524,0.076704,0
C4,2155.0039,149.93793,0.076508,0
C4,2155.5039,149.39394,0.077036,0
C4,2156.0039,148.84193,0.077572,0
C4,2156.5039,147.25919,0.079108,0
C4,2157.0039,145.69511,0.080625,0
C4,2157.5039,146.53067,0.079815,0
C4,2158.0039,147.37093,0.078999,0
C4,2158.5039,148.81544,0.077598,0
C4,2159.0039,150.26187,0.076194,0
C4,2159.5039,151.95192,0.074555,0
C4,2160.0039,153.62489,0.072932,0
C4,2160.5039,153.10696,0.073435,0
C4,2161.0039,152.58438,0.073941,0
C4,2161.5039,151.46703,0.075025,0
C4,2162.0039,150.34785,0.076111,0
C4,2162.5039,148.99536,0.077423,0
C4,2163.0039,147.6442,0.078734,0
C4,2163.5039,146.46379,0.079879,0
C4,2164.0039,145.27629,0.081031,0
C4,2164.5039,143.17491,0.08307,0
C4,2165.0039,141.07144,0.085111,0
C4,2165.5039,138.69998,0.087411,0
C4,2166.0039,136.33531,0.089705,0
C4,2166.5039,134.84209,0.091154,0
C4,2167.0039,133.35658,0.092596,0
C4,2167.5039,132.86201,0.093076,0
C4,2168.0039,132.37582,0.093547,0
C4,2168.5039,132.96542,0.092975,0
C4,2169.0039,133.56126,0.092397,0
C4,2169.5039,134.96014,0.09104,0
C4,2170.0039,136.36604,0.089676,0
C4,2170.5039,138.67323,0.087437,0
C4,2171.0039,140.97073,0.085208,0
C4,2171.5039,142.02435,0.084186,0
C4,2172.0039,143.06564,0.083176,0
C4,2172.5039,142.52567,0.0837,0
C4,2173.0039,141.98061,0.084229,0
C4,2173.5039,140.7861,0.085387,0
C4,2174.0039,139.6026,0.086535,0
C4,2174.5039,139.83141,0.086313,0
C4,2175.0039,140.06572,0.086086,0
C4,2175.5039,141.00526,0.085175,0
C4,2176.0039,141.93912,0.084268,0
C4,2176.5039,142.14261,0.084071,0
C4,2177.0039,142.34326,0.083877,0
C4,2177.5039,142.18118,0.084034,0
C4,2178.0039,142.02394,0.084187,0
C4,2178.5039,142.48801,0.083737,0
C4,2179.0039,142.96625,0.083273,0
C4,2179.5039,145.2653,0.081043,0
C4,2180.0039,147.55969,0.078816,0
C4,2180.5039,149.25616,0.07717,0
C4,2181.0039,150.94395,0.075533,0
C4,2181.5039,151.51926,0.074975,0
C4,2182.0039,152.08009,0.074431,0
C4,2182.5039,150.78519,0.075687,0
C4,2183.0039,149.48715,0.076946,0
C4,2183.5039,147.78491,0.078598,0
C4,2184.0039,146.08961,0.080242,0
C4,2184.5039,145.28728,0.081021,0
C4,2185.0039,144.49524,0.081789,0
C4,2185.5039,145.02901,0.081271,0
C4,2186.0039,145.5675,0.080748,0
C4,2186.5039,146.7168,0.079633,0
C4,2187.0039,147.85844,0.078526,0
C4,2187.5039,148.01768,0.078372,0
C4,2188.0039,148.16473,0.078229,0
C4,2188.5039,146.74883,0.079603,0
C4,2189.0039,145.33591,0.080974,0
C4,2189.5039,144.30844,0.081971,0
C4,2190.0039,143.28378,0.082964,0
C4,2190.5039,142.62128,0.083607,0
C4,2191.0039,141.96671,0.084242,0
C4,2191.5039,142.32841,0.083891,0
C4,2192.0039,142.68269,0.083547,0
C4,2192.5039,142.0833,0.084129,0
C4,2193.0039,141.48457,0.08471,0
C4,2193.5039,140.96855,0.085211,0
C4,2194.0039,140.45157,0.085712,0
C4,2194.5039,139.81186,0.086333,0
C4,2195.0039,139.17834,0.086947,0
C4,2195.5039,139.33948,0.086791,0
C4,2196.0039,139.50896,0.086627,0
C4,2196.5039,140.74976,0.085423,0
C4,2197.0039,141.99313,0.084216,0
C4,2197.5039,143.56628,0.08269,0
C4,2198.0039,145.13683,0.081167,0
C4,2198.5039,146.371,0.07997,0
C4,2199.0039,147.58913,0.078787,0
C4,2199.5039,146.74365,0.079607,0
C4,2200.0039,145.88892,0.080436,0
C4,2200.5039,143.84248,0.082422,0
C4,2201.0039,141.79736,0.084406,0
C4,2201.5039,139.91943,0.086228,0
C4,2202.0039,138.05721,0.088035,0
C4,2202.5039,138.21233,0.087884,0
C4,2203.0039,138.38348,0.087718,0
C4,2203.5039,140.61201,0.085556,0
C4,2204.0039,142.84259,0.083392,0
C4,2204.5039,145.33389,0.080975,0
C4,2205.0039,147.81766,0.078566,0
C4,2205.5039,149.33475,0.077094,0
C4,2206.0039,150.83801,0.075635,0
C4,2206.5039,150.56261,0.075902,0
C4,2207.0039,150.28322,0.076174,0
C4,2207.5039,149.49159,0.076942,0
C4,2208.0039,148.69949,0.07771,0
C4,2208.5039,147.84554,0.078539,0
C4,2209.0039,146.99777,0.079361,0
C4,2209.5039,146.94588,0.079411,0
C4,2210.0039,146.85886,0.079495,0
C4,2210.5039,142.26392,0.083953,0
C4,2211.0039,137.6082,0.08847,0
C4,2211.5039,125.14907,0.100557,0
C4,2212.0039,112.63758,0.112991,0
C4,2212.5039,93.404655,0.169353,2
C4,2213.0039,74.200874,0.176478,2
C4,2213.5039,58.740067,0.173294,2
C4,2214.0039,43.36478,0.165905,2
C4,2214.5039,38.971264,0.199503,2
C4,2215.0039,34.624607,0.184803,2
C4,2215.5039,36.294819,0.184801,2
C4,2216.0039,37.982063,0.188316,2
C4,2216.5039,41.856281,0.175713,2
C4,2217.0039,45.695873,0.197134,2
C4,2217.5039,45.090061,0.174369,2
C4,2218.0039,44.484428,0.17714,2
C4,2218.5039,43.902615,0.167573,2
C4,2219.0039,43.296379,0.174154,2
C4,2219.5039,39.553928,0.18468,2
C4,2220.0039,35.832054,0.173336,2
C4,2220.5039,34.751991,0.157191,2
C4,2221.0039,33.689903,0.204702,2
C4,2221.5039,34.936504,0.169554,2
C4,2222.0039,36.200371,0.190197,2
C4,2222.5039,39.68066,0.178849,2
C4,2223.0039,43.141876,0.1682,2
C4,2223.5039,44.153843,0.1795,2
C4,2224.0039,45.148907,0.170568,2
C4,2224.5039,43.973812,0.204671,2
C4,2225.0039,42.80106,0.184712,2
C4,2225.5039,41.929317,0.178248,2
C4,2226.0039,41.064152,0.199397,2
C4,2226.5039,41.04269,0.163308,2
C4,2227.0039,41.016472,0.182614,2
C4,2227.5039,40.377918,0.226715,2
C4,2228.0039,39.739517,0.201339,2
C4,2228.5039,39.120537,0.161756,2
C4,2229.0039,38.520206,0.165993,2
C4,2229.5039,40.31406,0.189525,2
C4,2230.0039,42.128002,0.168848,2
C4,2230.5039,46.521244,0.16031,1
C4,2231.0039,50.906132,0.180657,1
C4,2231.5039,54.21841,0.155224,1
C4,2232.0039,57.501225,0.159275,1
C4,2232.5039,57.000465,0.146895,1
C4,2233.0039,56.484863,0.145924,1
C4,2233.5039,54.063889,0.176699,1
C4,2234.0039,51.6553,0.146613,1
C4,2234.5039,50.837337,0.158892,1
C4,2235.0039,50.033829,0.167714,1
C4,2235.5039,51.085804,0.165363,1
C4,2236.0039,52.13015,0.15223,2
C4,2236.5039,52.194805,0.203012,2
C4,2237.0039,52.237583,0.173544,2
C4,2237.5039,49.471348,0.153667,2
C4,2238.0039,46.710033,0.154265,2
C4,2238.5039,44.580315,0.172683,2
C4,2239.0039,42.480251,0.189595,2
C4,2239.5039,44.188297,0.190071,2
C4,2240.0039,45.920506,0.152821,2
C4,2240.5039,50.754375,0.179046,2
C4,2241.0039,55.57074,0.184468,2
C4,2241.5039,58.138828,0.167032,1
C4,2242.0039,60.678585,0.185689,1
C4,2242.5039,59.580086,0.156078,1
C4,2243.0039,58.460613,0.200043,2
C4,2243.5039,54.648827,0.165717,2
C4,2244.0039,50.846172,0.150516,2
C4,2244.5039,48.216614,0.181118,2
C4,2245.0039,45.592152,0.181727,2
C4,2245.5039,43.622337,0.169737,2
C4,2246.0039,41.67318,0.195084,2
C4,2246.5039,42.376595,0.186539,2
C4,2247.0039,43.098946,0.172427,2
C4,2247.5039,46.253311,0.147698,2
C4,2248.0039,49.422531,0.175072,2
C4,2248.5039,54.498901,0.183774,2
C4,2249.0039,59.567814,0.158287,2
C4,2249.5039,63.679085,0.126037,2
C4,2250.0039,67.777679,0.177451,0
C4,2250.5039,70.249115,0.115537,0
C4,2251.0039,72.704018,0.132936,1
C4,2251.5039,73.035789,0.142241,1
C4,2252.0039,73.354935,0.168865,1
C4,2252.5039,72.05294,0.14745,1
C4,2253.0039,70.743179,0.17579,1
C4,2253.5039,68.437195,0.157762,1
C4,2254.0039,66.140495,0.161805,1
C4,2254.5039,65.035797,0.150522,1
C4,2255.0039,63.950951,0.165833,1
C4,2255.5039,65.41423,0.150924,1
C4,2256.0039,66.883499,0.183794,1
C4,2256.5039,69.120728,0.169135,1
C4,2257.0039,71.352348,0.174652,1
C4,2257.5039,72.864021,0.151237,0
C4,2258.0039,74.361465,0.147422,0
C4,2258.5039,74.032326,0.134765,0
C4,2259.0039,73.704063,0.160771,1
C4,2259.5039,73.489716,0.159595,1
C4,2260.0039,73.29229,0.1344,1
C4,2260.5039,75.267464,0.187232,1
C4,2261.0039,77.258652,0.1695,1
C4,2261.5039,81.305527,0.138461,0
C4,2262.0039,85.353256,0.101301,0
C4,2262.5039,89.510201,0.123133,0
C4,2263.0039,93.647667,0.120442,0
C4,2263.5039,95.284851,0.129532,0
C4,2264.0039,96.893463,0.127971,0
C4,2264.5039,94.833229,0.130019,0
C4,2265.0039,92.757637,0.138103,0
C4,2265.5039,88.708618,0.120081,0
C4,2266.0039,84.657112,0.121725,0
C4,2266.5039,80.2855,0.132673,0
C4,2267.0039,75.94088,0.117752,0
C4,2267.5039,75.06337,0.158974,0
C4,2268.0039,74.209259,0.129055,0
C4,2268.5039,76.358315,0.153495,0
C4,2269.0039,78.510536,0.136913,0
C4,2269.5039,81.070717,0.117141,0
C4,2270.0039,83.605141,0.128853,0
C4,2270.5039,82.832085,0.170218,0
C4,2271.0039,82.027878,0.163821,0
C4,2271.5039,77.223633,0.137208,0
C4,2272.0039,72.416466,0.168605,2
C4,2272.5039,67.235909,0.118777,2
C4,2273.0039,62.075825,0.157186,2
C4,2273.5039,59.545258,0.16807,2
C4,2274.0039,57.05904,0.157232,2
C4,2274.5039,60.267647,0.140263,2
C4,2275.0039,63.500938,0.152449,0
C4,2275.5039,69.903282,0.113882,0
C4,2276.0039,76.301979,0.170299,0
C4,2276.5039,82.232437,0.153308,0
C4,2277.0039,88.11985,0.147835,0
C4,2277.5039,88.47979,0.113434,0
C4,2278.0039,88.811691,0.112323,0
C4,2278.5039,85.543449,0.147809,0
C4,2279.0039,82.273888,0.159455,0
C4,2279.5039,78.836014,0.137232,0
C4,2280.0039,75.416161,0.141527,0
C4,2280.5039,74.310905,0.157396,3
C4,2281.0039,73.200584,0.136422,3
C4,2281.5039,71.440414,0.132741,3
C4,2282.0039,69.675026,0.164855,3
C4,2282.5039,67.240623,0.155276,2
C4,2283.0039,64.806442,0.191377,2
C4,2283.5039,62.399376,0.184734,2
C4,2284.0039,60.0191,0.17858,2
C4,2284.5039,61.078697,0.180357,1
C4,2285.0039,62.148781,0.142743,2
C4,2285.5039,64.565155,0.162997,2
C4,2286.0039,66.989517,0.182664,2
C4,2286.5039,70.439964,0.125287,2
C4,2287.0039,73.871429,0.169938,0
C4,2287.5039,74.865891,0.169705,0
C4,2288.0039,75.849197,0.127469,0
C4,2288.5039,75.399811,0.171382,0
C4,2289.0039,74.939171,0.134602,1
C4,2289.5039,73.033936,0.160069,1
C4,2290.0039,71.145584,0.163202,1
C4,2290.5039,71.424965,0.18359,1
C4,2291.0039,71.718163,0.151287,1
C4,2291.5039,73.786682,0.144005,1
C4,2292.0039,75.862785,0.103417,0
C4,2292.5039,78.912918,0.111083,0
C4,2293.0039,81.947311,0.132253,0
C4,2293.5039,82.961075,0.118813,0
C4,2294.0039,83.952377,0.142272,0
C4,2294.5039,82.06041,0.150307,0
C4,2295.0039,80.154617,0.101747,0
C4,2295.5039,76.475014,0.171089,1
C4,2296.0039,72.802231,0.14701,1
C4,2296.5039,70.006386,0.183793,1
C4,2297.0039,67.233665,0.171918,1
C4,2297.5039,67.429123,0.186526,1
C4,2298.0039,67.635796,0.170275,1
C4,2298.5039,69.28196,0.174905,1
C4,2299.0039,70.929985,0.124651,1
C4,2299.5039,72.817917,0.14591,0
C4,2300.0039,74.698532,0.113765,0
C4,2300.5039,75.638535,0.145925,0
C4,2301.0039,76.575424,0.14392,0
C4,2301.5039,77.113708,0.107153,0
C4,2302.0039,77.633789,0.128538,0
C4,2302.5039,75.816132,0.156935,0
C4,2303.0039,73.988281,0.14713,0
C4,2303.5039,70.851418,0.178072,0
C4,2304.0039,67.724014,0.150474,0
C4,2304.5039,65.811813,0.125741,0
C4,2305.0039,63.923374,0.145984,0
C4,2305.5039,65.085403,0.173165,0
C4,2306.0039,66.253502,0.162653,0
C4,2306.5039,68.200768,0.168325,0
C4,2307.0039,70.133759,0.14501,0
C4,2307.5039,70.233528,0.127231,0
C4,2308.0039,70.327866,0.183514,0
C4,2308.5039,69.725334,0.161305,0
C4,2309.0039,69.129822,0.157255,0
C4,2309.5039,69.436111,0.175653,0
C4,2310.0039,69.751373,0.158568,0
C4,2310.5039,71.218994,0.153386,0
C4,2311.0039,72.678802,0.16374,0
C4,2311.5039,73.135834,0.134463,0
C4,2312.0039,73.586334,0.144329,0
C4,2312.5039,73.199844,0.136447,0
C4,2313.0039,72.812256,0.129892,0
C4,2313.5039,72.284706,0.144329,0
C4,2314.0039,71.76857,0.134002,0
C4,2314.5039,72.716881,0.154779,0
C4,2315.0039,73.667145,0.160472,1
C4,2315.5039,74.868912,0.145327,1
C4,2316.0039,76.057152,0.159823,1
C4,2316.5039,75.508141,0.170812,1
C4,2317.0039,74.952614,0.15821,1
C4,2317.5039,73.55928,0.161693,1
C4,2318.0039,72.184372,0.154246,1
C4,2318.5039,73.1763,0.152864,1
C4,2319.0039,74.205116,0.144417,1
C4,2319.5039,79.969727,0.151462,1
C4,2320.0039,85.740944,0.158578,1
C4,2320.5039,92.360977,0.103689,0
C4,2321.0039,98.955711,0.12597,0
C4,2321.5039,102.30342,0.122723,0
C4,2322.0039,105.61765,0.119507,0
C4,2322.5039,104.63236,0.120463,0
C4,2323.0039,103.63644,0.121429,0
C4,2323.5039,101.27198,0.123723,0
C4,2324.0039,98.914001,0.12601,0
C4,2324.5039,97.387215,0.127492,0
C4,2325.0039,95.868645,0.128965,0
C4,2325.5039,95.405052,0.129415,0
C4,2326.0039,94.946556,0.12986,0
C4,2326.5039,95.142204,0.129671,0
C4,2327.0039,95.332176,0.129866,0
C4,2327.5039,94.794052,0.178768,0
C4,2328.0039,94.254066,0.125573,0
C4,2328.5039,93.474838,0.153758,0
C4,2329.0039,92.696625,0.150435,0
C4,2329.5039,92.048897,0.135769,0
C4,2330.0039,91.410896,0.15079,0
C4,2330.5039,92.02063,0.134584,0
C4,2331.0039,92.627045,0.124762,0
C4,2331.5039,92.808075,0.172199,0
C4,2332.0039,92.980789,0.170809,0
C4,2332.5039,92.085953,0.097091,0
C4,2333.0039,91.185471,0.161831,0
C4,2333.5039,89.560516,0.13924,0
C4,2334.0039,87.944603,0.15824,0
C4,2334.5039,87.488663,0.129356,0
C4,2335.0039,87.040276,0.146103,0
C4,2335.5039,87.562866,0.178228,0
C4,2336.0039,88.087234,0.117502,0
C4,2336.5039,88.838013,0.151807,0
C4,2337.0039,89.588554,0.14608,0
C4,2337.5039,90.308632,0.146467,0
C4,2338.0039,91.026077,0.146054,0
C4,2338.5039,91.405144,0.124583,0
C4,2339.0039,91.782257,0.13858,0
C4,2339.5039,91.908516,0.131916,0
C4,2340.0039,92.026588,0.149448,0
C4,2340.5039,91.093872,0.121562,0
C4,2341.0039,90.15963,0.131307,0
C4,2341.5039,89.028877,0.129185,0
C4,2342.0039,87.901085,0.173963,0
C4,2342.5039,87.153778,0.163696,0
C4,2343.0039,86.416924,0.108073,0
C4,2343.5039,87.022652,0.156174,0
C4,2344.0039,87.63549,0.125265,0
C4,2344.5039,89.161613,0.169764,0
C4,2345.0039,90.686462,0.142317,0
C4,2345.5039,92.046509,0.141595,0
C4,2346.0039,93.400566,0.110663,0
C4,2346.5039,93.984886,0.162293,0
C4,2347.0039,94.56678,0.130295,0
C4,2347.5039,94.836044,0.129967,0
C4,2348.0039,95.106934,0.129704,0
C4,2348.5039,95.586349,0.129239,0
C4,2349.0039,96.0634,0.128777,0
C4,2349.5039,96.237663,0.128608,0
C4,2350.0039,96.40712,0.128443,0
C4,2350.5039,95.959373,0.128877,0
C4,2351.0039,95.506325,0.129479,0
C4,2351.5039,94.370567,0.151322,0
C4,2352.0039,93.235039,0.129621,0
C4,2352.5039,92.129494,0.137005,0
C4,2353.0039,91.027252,0.144896,0
C4,2353.5039,90.349136,0.106558,0
C4,2354.0039,89.67836,0.143613,0
C4,2354.5039,89.951271,0.120047,0
C4,2355.0039,90.227905,0.147464,0
C4,2355.5039,90.981049,0.126618,0
C4,2356.0039,91.734047,0.154166,0
C4,2356.5039,92.468887,0.134577,0
C4,2357.0039,93.205803,0.164345,0
C4,2357.5039,94.208572,0.133617,0
C4,2358.0039,95.212524,0.129602,0
C4,2358.5039,96.368805,0.12848,0
C4,2359.0039,97.524361,0.127359,0
C4,2359.5039,98.586838,0.126328,0
C4,2360.0039,99.635025,0.125311,0
C4,2360.5039,98.848907,0.126074,0
C4,2361.0039,98.046799,0.126852,0
C4,2361.5039,95.191032,0.12944,0
C4,2362.0039,92.323036,0.108866,0
C4,2362.5039,87.883118,0.132507,0
C4,2363.0039,83.451065,0.147828,0
C4,2363.5039,80.029419,0.153419,0
C4,2364.0039,76.630707,0.141327,0
C4,2364.5039,76.177147,0.14534,0
C4,2365.0039,75.738586,0.13957,0
C4,2365.5039,77.227631,0.15064,0
C4,2366.0039,78.714539,0.135987,0
C4,2366.5039,79.927338,0.148548,0
C4,2367.0039,81.121651,0.137678,0
C4,2367.5039,79.941246,0.137331,0
C4,2368.0039,78.747047,0.162015,0
C4,2368.5039,75.78257,0.158767,0
C4,2369.0039,72.813309,0.149044,3
C4,2369.5039,69.22934,0.165003,3
C4,2370.0039,65.650261,0.146625,0
C4,2370.5039,62.697975,0.185004,0
C4,2371.0039,59.771568,0.152973,0
C4,2371.5039,60.167271,0.144223,0
C4,2372.0039,60.571072,0.175787,3
C4,2372.5039,62.014648,0.140602,3
C4,2373.0039,63.457531,0.153513,3
C4,2373.5039,64.810471,0.153906,0
C4,2374.0039,66.137062,0.172628,0
C4,2374.5039,64.078575,0.135782,0
C4,2375.0039,62.027199,0.188691,0
C4,2375.5039,60.888626,0.174654,1
C4,2376.0039,59.756149,0.183796,3
C4,2376.5039,59.406532,0.199751,3
C4,2377.0039,59.068405,0.175829,3
C4,2377.5039,60.205376,0.180804,1
C4,2378.0039,61.331291,0.103474,0
C4,2378.5039,61.037952,0.176367,0
C4,2379.0039,60.754398,0.173949,3
C4,2379.5039,61.727058,0.162373,3
C4,2380.0039,62.714241,0.194065,3
C4,2380.5039,65.565933,0.138609,0
C4,2381.0039,68.433685,0.166707,0
C4,2381.5039,73.361526,0.146534,0
C4,2382.0039,78.276146,0.165153,0
C4,2382.5039,81.493195,0.153008,0
C4,2383.0039,84.681564,0.130969,0
C4,2383.5039,84.187431,0.157661,0
C4,2384.0039,83.665039,0.132454,0
C4,2384.5039,79.512711,0.120535,0
C4,2385.0039,75.349152,0.136473,0
C4,2385.5039,69.744843,0.182537,1
C4,2386.0039,64.151909,0.166569,1
C4,2386.5039,60.01965,0.183799,3
C4,2387.0039,55.896931,0.156586,3
C4,2387.5039,52.999859,0.161533,2
C4,2388.0039,50.116306,0.152245,2
C4,2388.5039,48.968391,0.172137,2
C4,2389.0039,47.830837,0.17957,2
C4,2389.5039,48.022842,0.185449,2
C4,2390.0039,48.222317,0.175347,3
C4,2390.5039,49.380726,0.14183,3
C4,2391.0039,50.538418,0.174717,0
C4,2391.5039,51.604195,0.171941,0
C4,2392.0039,52.661171,0.162894,1
C4,2392.5039,52.58873,0.143617,1
C4,2393.0039,52.528614,0.151294,1
C4,2393.5039,54.051056,0.167192,1
C4,2394.0039,55.584721,0.183179,1
C4,2394.5039,58.559093,0.166442,1
C4,2395.0039,61.533855,0.172754,1
C4,2395.5039,64.558418,0.141584,0
C4,2396.0039,67.56324,0.162561,0
C4,2396.5039,68.034363,0.155725,0
C4,2397.0039,68.493904,0.162509,0
C4,2397.5039,67.465561,0.163919,0
C4,2398.0039,66.440262,0.136501,0
C4,2398.5039,65.806084,0.156693,0
C4,2399.0039,65.17868,0.147702,0
C4,2399.5039,65.422539,0.118542,0
C4,2400.0039,65.6716,0.155241,0
C4,2400.5039,66.588699,0.140541,0
C4,2401.0039,67.51368,0.164811,0
C4,2401.5039,69.451927,0.145367,0
C4,2402.0039,71.402451,0.127051,0
C4,2402.5039,74.929626,0.173148,0
C4,2403.0039,78.453484,0.161197,0
C4,2403.5039,81.552551,0.116352,0
C4,2404.0039,84.62619,0.113957,0
C4,2404.5039,84.435875,0.138414,0
C4,2405.0039,84.221367,0.121963,0
C4,2405.5039,80.899261,0.159234,0
C4,2406.0039,77.57238,0.130088,0
C4,2406.5039,73.633522,0.121734,0
C4,2407.0039,69.717346,0.143823,0
C4,2407.5039,68.714523,0.142101,0
C4,2408.0039,67.726715,0.143889,1
C4,2408.5039,68.667526,0.150927,3
C4,2409.0039,69.609413,0.150433,3
C4,2409.5039,70.689377,0.150853,3
C4,2410.0039,71.749626,0.144283,3
C4,2410.5039,70.277855,0.150567,3
C4,2411.0039,68.778641,0.14411,3
C4,2411.5039,63.756733,0.16849,3
C4,2412.0039,58.728642,0.166261,3
C4,2412.5039,52.906651,0.209427,3
C4,2413.0039,47.098728,0.128927,2
C4,2413.5039,43.097263,0.179964,2
C4,2414.0039,39.122265,0.191139,2
C4,2414.5039,38.545174,0.188181,2
C4,2415.0039,37.976772,0.198927,2
C4,2415.5039,38.524475,0.165736,2
C4,2416.0039,39.075703,0.190886,2
C4,2416.5039,40.079906,0.180799,2
C4,2417.0039,41.097282,0.197329,2
C4,2417.5039,43.805458,0.178774,2
C4,2418.0039,46.519962,0.202688,2
C4,2418.5039,50.046822,0.155046,1
C4,2419.0039,53.579655,0.14711,1
C4,2419.5039,57.880054,0.190919,1
C4,2420.0039,62.17609,0.164156,1
C4,2420.5039,65.912048,0.190625,1
C4,2421.0039,69.657547,0.129303,1
C4,2421.5039,74.627327,0.11269,0
C4,2422.0039,79.603004,0.165322,0
C4,2422.5039,85.334694,0.15689,0
C4,2423.0039,91.07402,0.119345,0
C4,2423.5039,97.794495,0.127097,0
C4,2424.0039,104.5145,0.120577,0
C4,2424.5039,111.17281,0.114118,0
C4,2425.0039,117.8084,0.10768,0
C4,2425.5039,121.52898,0.10407,0
C4,2426.0039,125.2178,0.100492,0
C4,2426.5039,124.82712,0.100871,0
C4,2427.0039,124.41122,0.101274,0
C4,2427.5039,120.75755,0.104819,0
C4,2428.0039,117.11174,0.108356,0
C4,2428.5039,114.47638,0.110913,0
C4,2429.0039,111.86205,0.113448,0
C4,2429.5039,111.9481,0.113365,0
C4,2430.0039,112.0473,0.11327,0
C4,2430.5039,113.83551,0.111535,0
C4,2431.0039,115.61873,0.109804,0
C4,2431.5039,116.76272,0.108694,0
C4,2432.0039,117.89028,0.1076,0
C4,2432.5039,116.90805,0.108553,0
C4,2433.0039,115.92403,0.109508,0
C4,2433.5039,114.71105,0.110685,0
C4,2434.0039,113.50653,0.111854,0
C4,2434.5039,113.38846,0.111969,0
C4,2435.0039,113.27897,0.112075,0
C4,2435.5039,114.27103,0.111113,0
C4,2436.0039,115.25869,0.110154,0
C4,2436.5039,115.67885,0.109746,0
C4,2437.0039,116.09087,0.109346,0
C4,2437.5039,115.45865,0.10996,0
C4,2438.0039,114.82659,0.110573,0
C4,2438.5039,114.21395,0.111168,0
C4,2439.0039,113.60329,0.11176,0
C4,2439.5039,113.24803,0.112105,0
C4,2440.0039,112.89172,0.11245,0
C4,2440.5039,112.40194,0.112925,0
C4,2441.0039,111.91074,0.113402,0
C4,2441.5039,111.23812,0.114054,0
C4,2442.0039,110.56559,0.114707,0
C4,2442.5039,109.90329,0.115349,0
C4,2443.0039,109.25035,0.115983,0
C4,2443.5039,109.7982,0.115452,0
C4,2444.0039,110.35273,0.114913,0
C4,2444.5039,111.76397,0.113544,0
C4,2445.0039,113.17623,0.112173,0
C4,2445.5039,114.71733,0.110678,0
C4,2446.0039,116.24865,0.109193,0
C4,2446.5039,116.52425,0.108926,0
C4,2447.0039,116.78701,0.10867,0
C4,2447.5039,115.40042,0.110016,0
C4,2448.0039,114.0167,0.111359,0
C4,2448.5039,112.99986,0.112345,0
C4,2449.0039,111.993,0.113322,0
C4,2449.5039,112.26929,0.113054,0
C4,2450.0039,112.55524,0.112777,0
C4,2450.5039,114.08118,0.111296,0
C4,2451.0039,115.60508,0.109818,0
C4,2451.5039,116.86599,0.108595,0
C4,2452.0039,118.11741,0.10738,0
C4,2452.5039,118.1501,0.107348,0
C4,2453.0039,118.1839,0.107316,0
C4,2453.5039,118.35967,0.107146,0
C4,2454.0039,118.52855,0.106981,0
C4,2454.5039,117.81134,0.107676,0
C4,2455.0039,117.08607,0.10838,0
C4,2455.5039,115.32551,0.110089,0
C4,2456.0039,113.55772,0.111804,0
C4,2456.5039,110.86089,0.11442,0
C4,2457.0039,108.1736,0.117027,0
C4,2457.5039,106.7121,0.118445,0
C4,2458.0039,105.26616,0.119848,0
C4,2458.5039,105.81572,0.119315,0
C4,2459.0039,106.3604,0.118787,0
C4,2459.5039,106.27926,0.118866,0
C4,2460.0039,106.18743,0.118954,0
C4,2460.5039,104.72182,0.120376,0
C4,2461.0039,103.25635,0.121798,0
C4,2461.5039,101.80783,0.123204,0
C4,2462.0039,100.37753,0.124591,0
C4,2462.5039,101.28793,0.123708,0
C4,2463.0039,102.21289,0.12281,0
C4,2463.5039,105.00588,0.120101,0
C4,2464.0039,107.80237,0.117388,0
C4,2464.5039,111.0491,0.114238,0
C4,2465.0039,114.29046,0.111093,0
C4,2465.5039,116.84356,0.108616,0
C4,2466.0039,119.38889,0.106146,0
C4,2466.5039,120.936,0.104645,0
C4,2467.0039,122.4677,0.103159,0
C4,2467.5039,122.02239,0.103591,0
C4,2468.0039,121.56701,0.104033,0
C4,2468.5039,119.81981,0.105728,0
C4,2469.0039,118.07942,0.107416,0
C4,2469.5039,117.21492,0.108255,0
C4,2470.0039,116.3679,0.109078,0
C4,2470.5039,117.76419,0.107724,0
C4,2471.0039,119.16545,0.106364,0
C4,2471.5039,121.20517,0.104385,0
C4,2472.0039,123.22521,0.102425,0
C4,2472.5039,122.71763,0.102917,0
C4,2473.0039,122.18578,0.103433,0
C4,2473.5039,118.53841,0.106972,0
C4,2474.0039,114.89069,0.110511,0
C4,2474.5039,111.19822,0.114093,0
C4,2475.0039,107.50865,0.117673,0
C4,2475.5039,104.19355,0.120889,0
C4,2476.0039,100.86764,0.124115,0
C4,2476.5039,96.15432,0.128566,0
C4,2477.0039,91.410828,0.117436,0
C4,2477.5039,82.79351,0.120138,0
C4,2478.0039,74.172577,0.162716,0
C4,2478.5039,65.088066,0.144455,3
C4,2479.0039,56.03054,0.18285,3
C4,2479.5039,50.438145,0.170072,3
C4,2480.0039,44.870323,0.209647,3
C4,2480.5039,42.457729,0.226917,3
C4,2481.0039,40.049946,0.189221,3
C4,2481.5039,38.259731,0.229555,3
C4,2482.0039,36.464462,0.177057,2
C4,2482.5039,34.020313,0.177545,2
C4,2483.0039,31.590519,0.183689,2
C4,2483.5039,31.003187,0.185996,2
C4,2484.0039,30.437227,0.161205,2
C4,2484.5039,32.615105,0.234262,2
C4,2485.0039,34.803066,0.17951,2
C4,2485.5039,38.286282,0.208056,2
C4,2486.0039,41.761551,0.185062,2
C4,2486.5039,44.21603,0.180357,1
C4,2487.0039,46.656303,0.172515,1
C4,2487.5039,47.27187,0.193406,1
C4,2488.0039,47.875137,0.193442,1
C4,2488.5039,46.900005,0.202476,1
C4,2489.0039,45.921417,0.190567,1
C4,2489.5039,44.499268,0.183452,2
C4,2490.0039,43.081825,0.206325,2
C4,2490.5039,42.269207,0.202281,2
C4,2491.0039,41.465118,0.19815,2
C4,2491.5039,41.7565,0.218104,2
C4,2492.0039,42.059361,0.181606,2
C4,2492.5039,43.836227,0.192154,2
C4,2493.0039,45.616749,0.141564,2
C4,2493.5039,47.866898,0.163337,2
C4,2494.0039,50.122524,0.146356,2
C4,2494.5039,53.08139,0.211932,2
C4,2495.0039,56.037148,0.160393,1
C4,2495.5039,58.593815,0.178186,1
C4,2496.0039,61.145222,0.144149,1
C4,2496.5039,63.021667,0.172493,1
C4,2497.0039,64.899017,0.173895,1
C4,2497.5039,66.892105,0.156518,1
C4,2498.0039,68.889725,0.167372,1
C4,2498.5039,71.47065,0.174721,1
C4,2499.0039,74.051819,0.131434,0
C4,2499.5039,76.664215,0.131975,0
C4,2500.0039,79.271049,0.151256,0
C4,2500.5039,81.163628,0.138134,0
C4,2501.0039,83.056213,0.122986,0
C4,2501.5039,84.949753,0.137965,0
C4,2502.0039,86.853233,0.100072,0
C4,2502.5039,90.033188,0.123575,0
C4,2503.0039,93.207771,0.117422,0
C4,2503.5039,95.692612,0.129136,0
C4,2504.0039,98.157898,0.126744,0
C4,2504.5039,98.113846,0.126786,0
C4,2505.0039,98.052673,0.126846,0
C4,2505.5039,95.793007,0.129057,0
C4,2506.0039,93.536018,0.133781,0
C4,2506.5039,91.624275,0.143,0
C4,2507.0039,89.716675,0.159151,0
C4,2507.5039,88.343605,0.146509,0
C4,2508.0039,86.955215,0.165956,0
C4,2508.5039,83.600075,0.188672,0
C4,2509.0039,80.229851,0.122606,1
C4,2509.5039,74.924866,0.134293,1
C4,2510.0039,69.630089,0.154058,1
C4,2510.5039,65.64447,0.177332,1
C4,2511.0039,61.696136,0.177564,1
C4,2511.5039,62.534576,0.183835,1
C4,2512.0039,63.378468,0.169651,1
C4,2512.5039,64.922035,0.166402,0
C4,2513.0039,66.440376,0.171611,0
C4,2513.5039,64.717873,0.167974,1
C4,2514.0039,62.975922,0.177282,1
C4,2514.5039,58.737026,0.158309,0
C4,2515.0039,54.523518,0.182398,0
C4,2515.5039,53.56971,0.181582,1
C4,2516.0039,52.652016,0.136308,1
C4,2516.5039,56.371788,0.204058,1
C4,2517.0039,60.086891,0.198069,1
C4,2517.5039,63.202114,0.134554,1
C4,2518.0039,66.284431,0.148675,0
C4,2518.5039,65.140701,0.190559,0
C4,2519.0039,63.982754,0.13785,1
C4,2519.5039,60.998676,0.158818,1
C4,2520.0039,58.029942,0.177304,0
C4,2520.5039,57.031368,0.155432,0
C4,2521.0039,56.055122,0.168161,0
C4,2521.5039,57.945774,0.163452,1
C4,2522.0039,59.848923,0.127746,1
C4,2522.5039,63.356899,0.165019,1
C4,2523.0039,66.871552,0.147896,0
C4,2523.5039,71.243057,0.169118,0
C4,2524.0039,75.60656,0.150417,0
C4,2524.5039,78.942726,0.181382,0
C4,2525.0039,82.244919,0.165793,3
C4,2525.5039,81.184364,0.172434,3
C4,2526.0039,80.087418,0.145792,3
C4,2526.5039,74.317451,0.171662,2
C4,2527.0039,68.544746,0.174813,2
C4,2527.5039,62.418552,0.125729,2
C4,2528.0039,56.316334,0.127015,2
C4,2528.5039,53.292572,0.195706,2
C4,2529.0039,50.303349,0.20977,2
C4,2529.5039,51.749214,0.197282,2
C4,2530.0039,53.2244,0.182247,2
C4,2530.5039,58.464291,0.158762,2
C4,2531.0039,63.708775,0.164844,2
C4,2531.5039,69.543571,0.168649,2
C4,2532.0039,75.366013,0.165166,2
C4,2532.5039,79.601616,0.134459,0
C4,2533.0039,83.810478,0.136549,0
C4,2533.5039,84.586258,0.105704,0
C4,2534.0039,85.348137,0.110224,0
C4,2534.5039,84.323967,0.155141,0
C4,2535.0039,83.293152,0.132191,0
C4,2535.5039,81.410278,0.152421,0
C4,2536.0039,79.517601,0.124165,0
C4,2536.5039,76.366753,0.119907,0
C4,2537.0039,73.228233,0.116587,0
C4,2537.5039,71.673195,0.183818,1
C4,2538.0039,70.142593,0.147343,1
C4,2538.5039,71.750343,0.154162,1
C4,2539.0039,73.371696,0.174925,1
C4,2539.5039,76.740005,0.150963,1
C4,2540.0039,80.096031,0.135207,0
C4,2540.5039,81.874634,0.169467,0
C4,2541.0039,83.626717,0.152777,0
C4,2541.5039,81.973495,0.13859,0
C4,2542.0039,80.318855,0.153435,0
C4,2542.5039,78.483086,0.129568,0
C4,2543.0039,76.649635,0.16083,0
C4,2543.5039,75.115654,0.127326,0
C4,2544.0039,73.586731,0.163295,0
C4,2544.5039,72.707375,0.146243,0
C4,2545.0039,71.82177,0.144534,0
C4,2545.5039,70.133316,0.146875,0
C4,2546.0039,68.438606,0.151826,0
C4,2546.5039,65.940041,0.150029,0
C4,2547.0039,63.436989,0.158158,0
C4,2547.5039,60.356998,0.146656,1
C4,2548.0039,57.296162,0.207119,1
C4,2548.5039,56.694176,0.165414,1
C4,2549.0039,56.123035,0.147789,0
C4,2549.5039,59.513275,0.177533,0
C4,2550.0039,62.926395,0.176246,0
C4,2550.5039,69.277588,0.169746,0
C4,2551.0039,75.616493,0.169199,1
C4,2551.5039,80.377136,0.165393,1
C4,2552.0039,85.113327,0.133561,0
C4,2552.5039,86.70903,0.150256,0
C4,2553.0039,88.293556,0.144626,0
C4,2553.5039,88.442932,0.123083,0
C4,2554.0039,88.581871,0.116138,0
C4,2554.5039,87.380363,0.162074,0
C4,2555.0039,86.17099,0.12431,0
C4,2555.5039,83.951958,0.177961,0
C4,2556.0039,81.730896,0.132764,0
C4,2556.5039,79.249359,0.152114,0
C4,2557.0039,76.794052,0.154789,0
C4,2557.5039,77.707535,0.192528,1
C4,2558.0039,78.648521,0.166518,1
C4,2558.5039,83.120232,0.152023,0
C4,2559.0039,87.58532,0.132844,0
C4,2559.5039,91.202309,0.171684,0
C4,2560.0039,94.787041,0.121088,0
C4,2560.5039,94.23082,0.135167,0
C4,2561.0039,93.647141,0.136605,0
C4,2561.5039,89.538269,0.169045,0
C4,2562.0039,85.428368,0.11554,0
C4,2562.5039,81.186241,0.125029,0
C5,1803.6009,,,1
C5,1804.1009,68.755798,0.224953,1
C5,1804.6009,66.499458,0.212537,1
C5,1805.1009,64.866669,0.213846,1
C5,1805.6009,65.701607,0.226923,1
C5,1806.1009,67.385284,0.226207,1
C5,1806.6009,72.427849,0.221279,1
C5,1807.1009,77.614571,0.216008,1
C5,1807.6009,83.371819,0.210955,1
C5,1808.1009,88.102905,0.208353,0
C5,1808.6009,88.772903,0.208135,0
C5,1809.1009,88.555359,0.210037,1
C5,1809.6009,84.825302,0.213685,0
C5,1810.1009,80.98185,0.217604,0
C5,1810.6009,76.689659,0.221322,0
C5,1811.1009,73.264656,0.222969,1
C5,1811.6009,73.271568,0.222548,1
C5,1812.1009,74.13858,0.220073,0
C5,1812.6009,78.409454,0.216078,1
C5,1813.1009,82.429749,0.212682,0
C5,1813.6009,85.458366,0.210207,0
C5,1814.1009,87.567657,0.209928,0
C5,1814.6009,86.038696,0.211765,0
C5,1815.1009,83.75412,0.215406,1
C5,1815.6009,78.479248,0.220267,1
C5,1816.1009,73.664612,0.224029,1
C5,1816.6009,70.671333,0.226312,1
C5,1817.1009,68.92524,0.225616,1
C5,1817.6009,72.114876,0.222451,0
C5,1818.1009,75.494102,0.218834,0
C5,1818.6009,79.62368,0.215089,0
C5,1819.1009,83.268509,0.212502,0
C5,1819.6009,84.994896,0.211209,0
C5,1820.1009,85.951874,0.211754,0
C5,1820.6009,83.863899,0.2139,0
C5,1821.1009,81.498108,0.216709,1
C5,1821.6009,78.032845,0.220006,1
C5,1822.1009,74.652138,0.223102,1
C5,1822.6009,71.606087,0.225917,0
C5,1823.1009,68.808105,0.229665,0
C5,1823.6009,66.991852,0.237023,0
C5,1824.1009,66.06012,0.23471,0
C5,1824.6009,68.628906,0.226154,0
C5,1825.1009,71.294113,0.223403,0
C5,1825.6009,74.340889,0.220781,0
C5,1826.1009,76.737015,0.219712,0
C5,1826.6009,76.558182,0.220236,0
C5,1827.1009,75.650162,0.2225,2
C5,1827.6009,71.856361,0.227177,2
C5,1828.1009,67.913528,0.23862,2
C5,1828.6009,63.380875,0.255936,2
C5,1829.1009,59.413586,0.249792,2
C5,1829.6009,57.68372,0.234118,2
C5,1830.1009,56.092567,0.243926,2
C5,1830.6009,55.050365,0.25139,2
C5,1831.1009,54.295715,0.250408,2
C5,1831.6009,54.679031,0.233444,2
C5,1832.1009,55.264954,0.225616,2
C5,1832.6009,56.652672,0.237943,2
C5,1833.1009,58.095783,0.231428,2
C5,1833.6009,59.758121,0.242118,2
C5,1834.1009,61.777462,0.255581,2
C5,1834.6009,65.209663,0.239239,2
C5,1835.1009,68.39933,0.226585,2
C5,1835.6009,70.629173,0.224489,2
C5,1836.1009,72.750404,0.222653,2
C5,1836.6009,74.441795,0.221384,2
C5,1837.1009,75.383957,0.221904,2
C5,1837.6009,73.361,0.223837,3
C5,1838.1009,71.370842,0.225692,3
C5,1838.6009,69.510468,0.227202,0
C5,1839.1009,68.235641,0.227314,1
C5,1839.6009,69.278152,0.226001,1
C5,1840.1009,70.962524,0.223155,1
C5,1840.6009,75.187035,0.219114,1
C5,1841.1009,79.349815,0.215221,1
C5,1841.6009,83.268311,0.211789,1
C5,1842.1009,86.474731,0.210058,1
C5,1842.6009,86.863129,0.209838,1
C5,1843.1009,86.928215,0.210392,1
C5,1843.6009,85.713814,0.211505,0
C5,1844.1009,84.617928,0.212335,0
C5,1844.6009,83.991035,0.212868,0
C5,1845.1009,83.511192,0.21305,0
C5,1845.6009,83.613327,0.21296,3
C5,1846.1009,83.699295,0.212908,3
C5,1846.6009,83.721321,0.212947,0
C5,1847.1009,83.618919,0.213283,0
C5,1847.6009,83.024132,0.213846,0
C5,1848.1009,82.449654,0.21436,0
C5,1848.6009,81.955521,0.214901,3
C5,1849.1009,81.326439,0.215765,3
C5,1849.6009,80.163307,0.216879,2
C5,1850.1009,79.014389,0.217959,2
C5,1850.6009,77.92173,0.218924,2
C5,1851.1009,77.010269,0.219457,2
C5,1851.6009,76.81591,0.219569,2
C5,1852.1009,76.777962,0.219307,2
C5,1852.6009,77.358986,0.218943,2
C5,1853.1009,77.533302,0.21955,2
C5,1853.6009,76.098061,0.22108,2
C5,1854.1009,74.359596,0.223332,2
C5,1854.6009,71.421112,0.225979,2
C5,1855.1009,68.865349,0.227712,2
C5,1855.6009,67.824242,0.228259,2
C5,1856.1009,67.730453,0.226544,2
C5,1856.6009,71.385651,0.222837,2
C5,1857.1009,75.424507,0.218214,1
C5,1857.6009,80.981712,0.213203,1
C5,1858.1009,85.826012,0.209895,1
C5,1858.6009,87.848969,0.208329,1
C5,1859.1009,89.076019,0.208665,1
C5,1859.6009,87.153275,0.210739,0
C5,1860.1009,84.769814,0.213914,0
C5,1860.6009,80.56308,0.21794,0
C5,1861.1009,76.411011,0.221836,3
C5,1861.6009,72.475258,0.22551,3
C5,1862.1009,68.784149,0.227927,3
C5,1862.6009,66.061195,0.226097,2
C5,1863.1009,64.176369,0.2215,2
C5,1863.6009,65.608444,0.223855,2
C5,1864.1009,67.693451,0.22609,2
C5,1864.6009,72.362404,0.221507,2
C5,1865.1009,77.207436,0.216504,1
C5,1865.6009,82.749275,0.211528,1
C5,1866.1009,87.536102,0.208355,1
C5,1866.6009,89.334953,0.206853,1
C5,1867.1009,90.653481,0.206499,3
C5,1867.6009,90.071083,0.207007,3
C5,1868.1009,89.598457,0.207252,2
C5,1868.6009,89.560226,0.207251,2
C5,1869.1009,89.602196,0.207058,2
C5,1869.6009,89.961571,0.206792,2
C5,1870.1009,90.155472,0.206921,2
C5,1870.6009,89.694511,0.207802,2
C5,1871.1009,88.326485,0.210849,2
C5,1871.6009,83.368752,0.215501,2
C5,1872.1009,78.670258,0.219534,2
C5,1872.6009,74.997696,0.22272,2
C5,1873.1009,72.055176,0.224163,2
C5,1873.6009,72.001778,0.223689,2
C5,1874.1009,73.037827,0.220614,2
C5,1874.6009,78.385368,0.215635,2
C5,1875.1009,83.37471,0.21151,1
C5,1875.6009,86.946457,0.208343,1
C5,1876.1009,89.951004,0.206529,1
C5,1876.6009,90.710815,0.20524,1
C5,1877.1009,90.532967,0.202199,0
C5,1877.6009,86.644371,0.201786,1
C5,1878.1009,83.1054,0.20453,1
C5,1878.6009,80.950073,0.206365,1
C5,1879.1009,79.294319,0.207008,1
C5,1879.6009,79.615608,0.206352,1
C5,1880.1009,80.656998,0.203976,1
C5,1880.6009,84.548187,0.200488,1
C5,1881.1009,87.896927,0.198295,0
C5,1881.6009,89.0989,0.197715,0
C5,1882.1009,89.10112,0.2,0
C5,1882.6009,84.355316,0.204517,1
C5,1883.1009,79.724319,0.20876,1
C5,1883.6009,75.547668,0.212224,1
C5,1884.1009,72.533684,0.212912,1
C5,1884.6009,74.120911,0.210744,1
C5,1885.1009,77.033806,0.205409,1
C5,1885.6009,85.193054,0.197766,1
C5,1886.1009,92.901031,0.1912,0
C5,1886.6009,98.823128,0.186271,0
C5,1887.1009,103.13213,0.185195,3
C5,1887.6009,101.05731,0.187675,3
C5,1888.1009,97.984383,0.192538,0
C5,1888.6009,90.961449,0.199135,0
C5,1889.1009,84.290482,0.204892,1
C5,1889.6009,79.012398,0.209238,1
C5,1890.1009,75.268242,0.209921,1
C5,1890.6009,77.594612,0.207398,1
C5,1891.1009,80.506165,0.203477,1
C5,1891.6009,85.733574,0.198685,1
C5,1892.1009,90.45388,0.195104,1
C5,1892.6009,93.167366,0.192937,0
C5,1893.1009,94.951225,0.19299,0
C5,1893.6009,93.056076,0.194996,0
C5,1894.1009,90.787788,0.197893,0
C5,1894.6009,87.042763,0.201477,0
C5,1895.1009,83.348038,0.20494,0
C5,1895.6009,79.85231,0.208257,0
C5,1896.1009,76.462494,0.211322,0
C5,1896.6009,73.491821,0.213963,1
C5,1897.1009,70.981491,0.215503,1
C5,1897.6009,70.292976,0.215944,1
C5,1898.1009,70.066772,0.21528,1
C5,1898.6009,71.670166,0.213572,1
C5,1899.1009,73.613838,0.211051,1
C5,1899.6009,76.90419,0.207925,1
C5,1900.1009,80.100121,0.205027,1
C5,1900.6009,82.92244,0.202549,1
C5,1901.1009,85.243111,0.201269,1
C5,1901.6009,85.578545,0.201202,0
C5,1902.1009,85.384003,0.202399,0
C5,1902.6009,83.092079,0.204973,0
C5,1903.1009,80.040878,0.209361,0
C5,1903.6009,73.98484,0.214121,2
C5,1904.1009,68.343445,0.215156,2
C5,1904.6009,64.343033,0.216767,2
C5,1905.1009,61.177814,0.209221,2
C5,1905.6009,61.317875,0.194548,2
C5,1906.1009,62.508797,0.204011,2
C5,1906.6009,67.858498,0.215624,2
C5,1907.1009,73.165466,0.210592,2
C5,1907.6009,78.30336,0.206095,2
C5,1908.1009,82.499046,0.203849,2
C5,1908.6009,82.965919,0.203562,2
C5,1909.1009,83.096703,0.204077,1
C5,1909.6009,81.897415,0.205341,1
C5,1910.1009,80.473618,0.20714,1
C5,1910.6009,78.161331,0.209151,1
C5,1911.1009,76.299904,0.210085,1
C5,1911.6009,76.222748,0.21009,0
C5,1912.1009,76.288452,0.209754,0
C5,1912.6009,76.919563,0.209148,0
C5,1913.1009,77.546593,0.208552,0
C5,1913.6009,78.157478,0.207848,0
C5,1914.1009,79.008186,0.206571,1
C5,1914.6009,80.807983,0.204938,0
C5,1915.1009,82.398819,0.203804,0
C5,1915.6009,83.162674,0.202606,1
C5,1916.1009,84.885139,0.199119,1
C5,1916.6009,90.401352,0.193631,1
C5,1917.1009,96.276352,0.187287,1
C5,1917.6009,103.57125,0.17986,1
C5,1918.1009,111.69246,0.170461,1
C5,1918.6009,123.08384,0.160002,1
C5,1919.1009,133.4028,0.152105,1
C5,1919.6009,139.47765,0.146576,0
C5,1920.1009,144.87988,0.144596,0
C5,1920.6009,147.62035,0.150148,0
C5,1921.1009,149.31839,0.148556,0
C5,1921.6009,146.89108,0.143061,0
C5,1922.1009,144.76427,0.144537,0
C5,1922.6009,143.82669,0.14546,0
C5,1923.1009,142.84767,0.146482,0
C5,1923.6009,141.70467,0.147476,0
C5,1924.1009,140.78288,0.147944,0
C5,1924.6009,140.73663,0.148068,0
C5,1925.1009,140.52443,0.148588,0
C5,1925.6009,139.65547,0.149279,0
C5,1926.1009,139.09167,0.14924,0
C5,1926.6009,139.73555,0.148631,0
C5,1927.1009,140.35713,0.148074,0
C5,1927.6009,140.8905,0.147478,0
C5,1928.1009,141.59521,0.146472,0
C5,1928.6009,142.97803,0.145304,0
C5,1929.1009,144.02026,0.144949,0
C5,1929.6009,143.71465,0.14519,0
C5,1930.1009,143.52016,0.145165,0
C5,1930.6009,143.76556,0.144949,0
C5,1931.1009,143.97012,0.14483,0
C5,1931.6009,144.01297,0.144701,0
C5,1932.1009,144.237,0.14414,0
C5,1932.6009,145.1781,0.143324,0
C5,1933.1009,145.9328,0.142952,0
C5,1933.6009,145.94978,0.142925,0
C5,1934.1009,145.98859,0.142846,0
C5,1934.6009,146.11365,0.142769,0
C5,1935.1009,146.14726,0.142911,0
C5,1935.6009,145.81897,0.143128,0
C5,1936.1009,145.69501,0.142859,0
C5,1936.6009,146.37953,0.142277,0
C5,1937.1009,146.90265,0.14208,0
C5,1937.6009,146.787,0.142116,0
C5,1938.1009,146.82759,0.14178,0
C5,1938.6009,147.4865,0.141168,0
C5,1939.1009,148.09872,0.140667,0
C5,1939.6009,148.52629,0.139623,0
C5,1940.1009,149.11935,0.135917,0
C5,1940.6009,150.36734,0.133557,0
C5,1941.1009,151.39745,0.139824,0
C5,1941.6009,151.56526,0.14999,0
C5,1942.1009,151.59566,0.164348,0
C5,1942.6009,151.08218,0.1727,0
C5,1943.1009,150.57048,0.151443,0
C5,1943.6009,150.06573,0.130319,0
C5,1944.1009,149.78609,0.144328,0
C5,1944.6009,150.39719,0.151317,0
C5,1945.1009,151.11345,0.129486,0
C5,1945.6009,152.24596,0.128727,0
C5,1946.1009,153.24483,0.138162,0
C5,1946.6009,153.71475,0.132642,0
C5,1947.1009,153.89731,0.131482,0
C5,1947.6009,152.94266,0.122568,0
C5,1948.1009,151.82524,0.133964,0
C5,1948.6009,150.0636,0.148045,0
C5,1949.1009,148.36787,0.141305,0
C5,1949.6009,146.93294,0.142512,0
C5,1950.1009,145.86075,0.142853,0
C5,1950.6009,146.22417,0.142398,0
C5,1951.1009,146.80586,0.142671,0
C5,1951.6009,148.25145,0.146305,0
C5,1952.1009,149.8044,0.144894,0
C5,1952.6009,151.78214,0.129821,0
C5,1953.1009,153.61145,0.064657,0
C5,1953.6009,154.85349,0.009731,0
C5,1954.1009,156.20187,0.03646,0
C5,1954.6009,157.97116,0.0499,0
C5,1955.1009,159.44501,0.031518,0
C5,1955.6009,159.74973,0.025474,0
C5,1956.1009,159.72404,0.02951,0
C5,1956.6009,158.39081,0.041848,0
C5,1957.1009,156.68437,0.063305,0
C5,1957.6009,153.50089,0.074429,0
C5,1958.1009,150.61494,0.069329,0
C5,1958.6009,148.90648,0.059526,0
C5,1959.1009,147.44818,0.051725,0
C5,1959.6009,146.9799,0.052166,0
C5,1960.1009,146.53287,0.052556,0
C5,1960.6009,146.16978,0.052922,0
C5,1961.1009,145.77272,0.053369,0
C5,1961.6009,145.24103,0.05379,0
C5,1962.1009,144.90009,0.053755,0
C5,1962.6009,145.31396,0.053211,0
C5,1963.1009,146.02943,0.0482,0
C5,1963.6009,147.93837,0.030046,0
C5,1964.1009,149.64302,0.024028,0
C5,1964.6009,150.53922,0.03436,0
C5,1965.1009,151.1834,0.061476,0
C5,1965.6009,150.83028,0.086546,0
C5,1966.1009,150.15933,0.069054,0
C5,1966.6009,148.23059,0.051674,0
C5,1967.1009,146.30406,0.053526,0
C5,1967.6009,144.38634,0.055903,0
C5,1968.1009,141.36996,0.060903,0
C5,1968.6009,134.0058,0.068395,0
C5,1969.1009,125.81694,0.077857,0
C5,1969.6009,114.3644,0.089292,0
C5,1970.1009,102.07919,0.102716,0
C5,1970.6009,86.498642,0.115972,0
C5,1971.1009,72.232872,0.120791,2
C5,1971.6009,63.170372,0.121892,3
C5,1972.1009,54.71981,0.135201,3
C5,1972.6009,48.691013,0.15824,2
C5,1973.1009,43.82798,0.161205,2
C5,1973.6009,43.578487,0.151405,2
C5,1974.1009,42.97813,0.145138,2
C5,1974.6009,40.989227,0.154982,2
C5,1975.1009,39.897079,0.167269,2
C5,1975.6009,42.353863,0.165415,2
C5,1976.1009,44.509109,0.144334,2
C5,1976.6009,45.471004,0.138691,2
C5,1977.1009,46.906826,0.145464,2
C5,1977.6009,50.218231,0.151276,2
C5,1978.1009,52.803902,0.165544,2
C5,1978.6009,52.517471,0.149098,2
C5,1979.1009,52.267265,0.11871,2
C5,1979.6009,52.160442,0.12908,2
C5,1980.1009,51.913868,0.146036,2
C5,1980.6009,51.114212,0.150199,2
C5,1981.1009,50.805817,0.158759,1
C5,1981.6009,52.441597,0.158223,1
C5,1982.1009,53.930977,0.154947,1
C5,1982.6009,54.840981,0.133191,1
C5,1983.1009,55.649265,0.137146,2
C5,1983.6009,56.055,0.143977,2
C5,1984.1009,55.822678,0.143399,2
C5,1984.6009,53.06525,0.159454,2
C5,1985.1009,50.339775,0.154133,2
C5,1985.6009,47.740749,0.16677,2
C5,1986.1009,45.127174,0.173675,2
C5,1986.6009,42.456017,0.164309,2
C5,1987.1009,40.670448,0.16124,2
C5,1987.6009,42.389603,0.145434,2
C5,1988.1009,44.570057,0.123001,1
C5,1988.6009,48.576145,0.115025,2
C5,1989.1009,52.793133,0.125199,2
C5,1989.6009,57.84473,0.12717,1
C5,1990.1009,62.243473,0.123402,1
C5,1990.6009,64.058525,0.109145,1
C5,1991.1009,65.849907,0.113484,1
C5,1991.6009,67.5476,0.127818,2
C5,1992.1009,68.921165,0.127113,2
C5,1992.6009,69.011986,0.126944,2
C5,1993.1009,69.272606,0.126369,2
C5,1993.6009,70.205215,0.1256,2
C5,1994.1009,70.868469,0.125474,1
C5,1994.6009,70.465714,0.125689,1
C5,1995.1009,70.423439,0.125043,1
C5,1995.6009,71.807739,0.123718,1
C5,1996.1009,73.173264,0.122438,1
C5,1996.6009,74.464485,0.121241,1
C5,1997.1009,75.658264,0.120277,1
C5,1997.6009,76.466385,0.119615,1
C5,1998.1009,77.03038,0.119537,1
C5,1998.6009,76.628235,0.119974,1
C5,1999.1009,76.123299,0.120657,1
C5,1999.6009,75.211594,0.121451,1
C5,2000.1009,74.474358,0.121829,1
C5,2000.6009,74.427582,0.121982,1
C5,2001.1009,74.154289,0.122677,1
C5,2001.6009,72.984566,0.123719,2
C5,2002.1009,71.993073,0.124334,2
C5,2002.6009,71.70694,0.124588,2
C5,2003.1009,71.46537,0.124737,2
C5,2003.6009,71.400169,0.124644,2
C5,2004.1009,71.657768,0.123781,2
C5,2004.6009,73.192848,0.122361,2
C5,2005.1009,74.603767,0.121238,1
C5,2005.6009,75.523354,0.120403,1
C5,2006.1009,76.337708,0.11982,1
C5,2006.6009,76.735596,0.119559,1
C5,2007.1009,76.879425,0.119904,1
C5,2007.6009,76.01783,0.120753,1
C5,2008.1009,75.118698,0.12169,1
C5,2008.6009,74.071037,0.122735,1
C5,2009.1009,72.950684,0.123953,1
C5,2009.6009,71.542664,0.124951,1
C5,2010.1009,70.878296,0.124173,1
C5,2010.6009,73.156944,0.121869,1
C5,2011.1009,75.66143,0.119026,1
C5,2011.6009,79.059654,0.115879,1
C5,2012.1009,82.19413,0.113362,1
C5,2012.6009,84.284874,0.11186,1
C5,2013.1009,85.312263,0.112897,1
C5,2013.6009,82.131409,0.116245,0
C5,2014.1009,78.360832,0.121002,0
C5,2014.6009,72.256432,0.124889,2
C5,2015.1009,66.650215,0.11985,2
C5,2015.6009,63.015594,0.112049,2
C5,2016.1009,60.142532,0.110583,2
C5,2016.6009,60.283363,0.11471,2
C5,2017.1009,61.117569,0.122499,2
C5,2017.6009,64.695808,0.127114,1
C5,2018.1009,68.340469,0.125834,1
C5,2018.6009,72.248016,0.122208,1
C5,2019.1009,75.868027,0.119268,1
C5,2019.6009,78.350128,0.117035,1
C5,2020.1009,80.503479,0.115586,1
C5,2020.6009,81.355797,0.114917,1
C5,2021.1009,81.893753,0.114998,1
C5,2021.6009,81.187653,0.115854,1
C5,2022.1009,80.117706,0.117579,1
C5,2022.6009,77.607811,0.119877,1
C5,2023.1009,75.346344,0.121582,1
C5,2023.6009,74.068039,0.122885,0
C5,2024.1009,72.642006,0.124541,0
C5,2024.6009,70.631371,0.126191,0
C5,2025.1009,69.21521,0.126422,1
C5,2025.6009,70.151695,0.125498,1
C5,2026.1009,71.133759,0.124465,1
C5,2026.6009,72.296242,0.123153,1
C5,2027.1009,73.856895,0.12089,0
C5,2027.6009,76.993347,0.117974,0
C5,2028.1009,79.911324,0.115579,2
C5,2028.6009,81.964706,0.113896,2
C5,2029.1009,83.404266,0.113679,2
C5,2029.6009,82.414589,0.114752,2
C5,2030.1009,81.175659,0.116421,0
C5,2030.6009,78.950363,0.1185,0
C5,2031.1009,76.861038,0.120254,0
C5,2031.6009,75.309799,0.121491,0
C5,2032.1009,74.293365,0.121451,2
C5,2032.6009,75.393456,0.120277,2
C5,2033.1009,76.731209,0.118535,2
C5,2033.6009,79.009544,0.116379,1
C5,2034.1009,81.205269,0.11442,2
C5,2034.6009,83.074074,0.112578,2
C5,2035.1009,85.031219,0.110524,2
C5,2035.6009,87.33799,0.108481,0
C5,2036.1009,89.272224,0.107328,0
C5,2036.6009,89.73214,0.10702,0
C5,2037.1009,89.910858,0.107384,0
C5,2037.6009,88.976746,0.108438,0
C5,2038.1009,87.721794,0.11026,0
C5,2038.6009,85.197128,0.112511,2
C5,2039.1009,83.048912,0.113863,2
C5,2039.6009,82.390526,0.114236,2
C5,2040.1009,82.275291,0.113311,2
C5,2040.6009,84.309639,0.111192,2
C5,2041.1009,86.673782,0.108285,2
C5,2041.6009,90.343063,0.104763,3
C5,2042.1009,93.985443,0.101305,2
C5,2042.6009,97.521286,0.098153,0
C5,2043.1009,100.52901,0.096262,0
C5,2043.6009,101.44671,0.095621,0
C5,2044.1009,101.86087,0.096182,0
C5,2044.6009,100.28232,0.097743,0
C5,2045.1009,98.619118,0.099507,0
C5,2045.6009,96.620872,0.101268,0
C5,2046.1009,94.963486,0.102215,0
C5,2046.6009,94.655006,0.102411,0
C5,2047.1009,94.556503,0.102105,0
C5,2047.6009,95.288956,0.101498,0
C5,2048.1009,95.817574,0.101377,0
C5,2048.6009,95.53949,0.101826,0
C5,2049.1009,94.885559,0.103173,0
C5,2049.6009,92.744209,0.10516,0
C5,2050.1009,90.759804,0.106773,0
C5,2050.6009,89.396523,0.10794,0
C5,2051.1009,88.336472,0.108384,0
C5,2051.6009,88.476395,0.107967,0
C5,2052.1009,89.199898,0.106158,0
C5,2052.6009,92.23291,0.103269,0
C5,2053.1009,95.197952,0.100542,0
C5,2053.6009,97.894028,0.098076,0
C5,2054.1009,100.31765,0.09626,0
C5,2054.6009,101.66309,0.095059,0
C5,2055.1009,102.80861,0.094336,0
C5,2055.6009,103.16293,0.09408,0
C5,2056.1009,103.33905,0.094251,0
C5,2056.6009,102.80995,0.094629,0
C5,2057.1009,102.55384,0.094356,0
C5,2057.6009,103.37804,0.093805,0
C5,2058.1009,103.69751,0.094459,0
C5,2058.6009,102.01948,0.096008,0
C5,2059.1009,100.48067,0.097226,0
C5,2059.6009,99.492821,0.098251,0
C5,2060.1009,98.352119,0.099642,0
C5,2060.6009,96.606445,0.101157,0
C5,2061.1009,95.205376,0.10185,0
C5,2061.6009,95.168045,0.101875,0
C5,2062.1009,95.155151,0.101841,0
C5,2062.6009,95.238914,0.101922,0
C5,2063.1009,94.988655,0.102799,0
C5,2063.6009,93.416504,0.104308,0
C5,2064.1009,91.855705,0.105791,0
C5,2064.6009,90.33989,0.10728,3
C5,2065.1009,88.763565,0.108914,3
C5,2065.6009,86.947807,0.110478,3
C5,2066.1009,85.517487,0.111121,3
C5,2066.6009,85.612549,0.110992,3
C5,2067.1009,85.785316,0.110678,3
C5,2067.6009,86.265594,0.110171,3
C5,2068.1009,86.837158,0.109446,3
C5,2068.6009,87.770012,0.108481,0
C5,2069.1009,88.839348,0.107191,0
C5,2069.6009,90.448814,0.10553,0
C5,2070.1009,92.287354,0.103322,0
C5,2070.6009,95.032501,0.100754,0
C5,2071.1009,97.617958,0.098567,0
C5,2071.6009,99.571404,0.097133,0
C5,2072.1009,100.5954,0.097918,0
C5,2072.6009,97.941093,0.100669,0
C5,2073.1009,94.885101,0.104379,0
C5,2073.6009,90.239441,0.108844,0
C5,2074.1009,85.616508,0.113255,0
C5,2074.6009,81.083504,0.117017,1
C5,2075.1009,77.808731,0.117773,1
C5,2075.6009,79.513412,0.116293,1
C5,2076.1009,80.88163,0.115616,1
C5,2076.6009,80.918282,0.115571,1
C5,2077.1009,80.975525,0.115476,1
C5,2077.6009,81.114273,0.115471,1
C5,2078.1009,80.986504,0.116102,1
C5,2078.6009,79.80397,0.117212,1
C5,2079.1009,78.682083,0.118177,1
C5,2079.6009,77.800163,0.119075,0
C5,2080.1009,76.817589,0.120214,0
C5,2080.6009,75.436668,0.121648,2
C5,2081.1009,73.841072,0.123594,2
C5,2081.6009,71.395882,0.125565,2
C5,2082.1009,69.749786,0.125628,2
C5,2082.6009,71.266121,0.12411,2
C5,2083.1009,72.901054,0.122309,1
C5,2083.6009,75.005302,0.120814,0
C5,2084.1009,76.004234,0.121958,0
C5,2084.6009,72.62886,0.125182,1
C5,2085.1009,68.86335,0.127256,1
C5,2085.6009,63.553867,0.12614,2
C5,2086.1009,58.435814,0.131635,2
C5,2086.6009,54.075359,0.147527,2
C5,2087.1009,51.25016,0.156614,2
C5,2087.6009,54.500744,0.15558,2
C5,2088.1009,57.80331,0.14321,2
C5,2088.6009,61.311604,0.150976,1
C5,2089.1009,64.83374,0.148721,1
C5,2089.6009,68.410622,0.12608,1
C5,2090.1009,71.666817,0.123554,1
C5,2090.6009,73.653877,0.121714,1
C5,2091.1009,75.487656,0.120239,1
C5,2091.6009,76.714828,0.119284,1
C5,2092.1009,77.471344,0.119452,1
C5,2092.6009,76.36525,0.120664,2
C5,2093.1009,74.955368,0.122602,2
C5,2093.6009,72.343246,0.125128,2
C5,2094.1009,69.711342,0.129306,2
C5,2094.6009,67.001152,0.137885,2
C5,2095.1009,65.095383,0.136581,2
C5,2095.6009,66.373116,0.128814,2
C5,2096.1009,68.029419,0.126497,2
C5,2096.6009,71.183884,0.123465,3
C5,2097.1009,74.322365,0.12047,3
C5,2097.6009,77.397636,0.11769,3
C5,2098.1009,80.095284,0.115811,3
C5,2098.6009,81.298447,0.114932,1
C5,2099.1009,81.919914,0.115443,1
C5,2099.6009,80.239311,0.116807,1
C5,2100.1009,79.086838,0.116911,1
C5,2100.6009,80.024483,0.116331,1
C5,2101.1009,80.290443,0.117355,1
C5,2101.6009,77.898178,0.119555,1
C5,2102.1009,75.723808,0.121234,1
C5,2102.6009,74.411804,0.122856,1
C5,2103.1009,72.356056,0.127165,1
C5,2103.6009,67.356934,0.131391,1
C5,2104.1009,63.255573,0.116355,1
C5,2104.6009,62.707115,0.110243,0
C5,2105.1009,62.59185,0.123314,0
C5,2105.6009,64.190948,0.129555,1
C5,2106.1009,66.314789,0.12909,1
C5,2106.6009,70.515274,0.124024,1
C5,2107.1009,73.829842,0.12252,2
C5,2107.6009,73.638374,0.122771,2
C5,2108.1009,73.308662,0.123351,2
C5,2108.6009,72.431885,0.124091,2
C5,2109.1009,71.772858,0.124312,2
C5,2109.6009,71.975601,0.123717,2
C5,2110.1009,73.00708,0.121143,2
C5,2110.6009,77.318321,0.117029,3
C5,2111.1009,81.547264,0.113111,3
C5,2111.6009,85.450546,0.109664,3
C5,2112.1009,88.703697,0.107769,0
C5,2112.6009,89.383934,0.10719,0
C5,2113.1009,89.906494,0.106987,0
C5,2113.6009,89.805084,0.107213,0
C5,2114.1009,89.438675,0.108071,0
C5,2114.6009,88.023567,0.109454,0
C5,2115.1009,86.565407,0.110941,0
C5,2115.6009,84.936897,0.112666,0
C5,2116.1009,82.984787,0.115164,1
C5,2116.6009,79.752029,0.117959,1
C5,2117.1009,77.182465,0.119171,1
C5,2117.6009,77.237488,0.118928,1
C5,2118.1009,77.687637,0.117741,1
C5,2118.6009,79.701508,0.115769,1
C5,2119.1009,81.779037,0.113646,1
C5,2119.6009,84.108551,0.111842,1
C5,2120.1009,85.524101,0.112221,1
C5,2120.6009,83.322617,0.114445,1
C5,2121.1009,80.906006,0.117184,1
C5,2121.6009,77.638069,0.120172,1
C5,2122.1009,74.702248,0.122368,1
C5,2122.6009,73.080795,0.123756,1
C5,2123.1009,71.821571,0.124278,1
C5,2123.6009,71.995827,0.12416,1
C5,2124.1009,72.06736,0.124287,0
C5,2124.6009,71.732353,0.124859,1
C5,2125.1009,70.88047,0.126419,3
C5,2125.6009,67.983078,0.125451,3
C5,2126.1009,65.013535,0.115993,3
C5,2126.6009,61.758484,0.115628,3
C5,2127.1009,59.393475,0.126658,2
C5,2127.6009,60.550819,0.135925,2
C5,2128.1009,62.922813,0.133577,2
C5,2128.6009,70.101807,0.122077,2
C5,2129.1009,78.285454,0.112277,2
C5,2129.6009,90.445068,0.10093,2
C5,2130.1009,101.83818,0.091415,0
C5,2130.6009,110.19788,0.083919,0
C5,2131.1009,117.39935,0.079189,0
C5,2131.6009,120.01715,0.077053,0
C5,2132.1009,121.83254,0.076834,0
C5,2132.6009,120.47239,0.078106,0
C5,2133.1009,119.19024,0.079193,0
C5,2133.6009,118.21682,0.07995,0
C5,2134.1009,117.62002,0.079806,0
C5,2134.6009,118.51372,0.079066,0
C5,2135.1009,119.15662,0.078926,0
C5,2135.6009,118.80698,0.079171,0
C5,2136.1009,118.6474,0.078963,0
C5,2136.6009,119.23996,0.078568,0
C5,2137.1009,119.46725,0.079045,0
C5,2137.6009,118.24897,0.080032,0
C5,2138.1009,117.4176,0.080095,0
C5,2138.6009,118.11748,0.079572,0
C5,2139.1009,118.50401,0.079797,0
C5,2139.6009,117.65051,0.08048,0
C5,2140.1009,117.08646,0.080471,0
C5,2140.6009,117.66791,0.080043,0
C5,2141.1009,117.97593,0.080267,0
C5,2141.6009,117.20188,0.080952,0
C5,2142.1009,116.55422,0.081335,0
C5,2142.6009,116.40672,0.08145,0
C5,2143.1009,116.31734,0.081425,0
C5,2143.6009,116.45791,0.081264,0
C5,2144.1009,116.6526,0.080973,0
C5,2144.6009,117.0614,0.080516,0
C5,2145.1009,117.59957,0.079751,0
C5,2145.6009,118.64966,0.078798,0
C5,2146.1009,119.58048,0.078128,0
C5,2146.6009,120.03929,0.077684,0
C5,2147.1009,120.50221,0.07723,0
C5,2147.6009,120.98148,0.076871,0
C5,2148.1009,121.2454,0.077027,0
C5,2148.6009,120.65712,0.077642,0
C5,2149.1009,119.97142,0.078488,0
C5,2149.6009,118.90019,0.079443,0
C5,2150.1009,117.98895,0.080016,0
C5,2150.6009,117.71093,0.080291,0
C5,2151.1009,117.41734,0.080603,0
C5,2151.6009,117.0621,0.080763,0
C5,2152.1009,117.08693,0.080015,0
C5,2152.6009,118.61583,0.078571,0
C5,2153.1009,120.08355,0.077273,0
C5,2153.6009,121.30909,0.075992,0
C5,2154.1009,122.74388,0.07421,0
C5,2154.6009,125.00679,0.072219,0
C5,2155.1009,126.877,0.071166,0
C5,2155.6009,127.19309,0.070984,0
C5,2156.1009,127.2561,0.071406,0
C5,2156.6009,126.3175,0.072422,0
C5,2157.1009,125.14697,0.073992,0
C5,2157.6009,123.05856,0.076152,0
C5,2158.1009,120.66145,0.079051,0
C5,2158.6009,117.04268,0.082404,0
C5,2159.1009,113.70016,0.085097,0
C5,2159.6009,111.4509,0.087165,0
C5,2160.1009,109.40859,0.088739,0
C5,2160.6009,108.18532,0.089519,0
C5,2161.1009,107.78785,0.088327,0
C5,2161.6009,110.65855,0.085627,0
C5,2162.1009,113.3914,0.083257,0
C5,2162.6009,115.57872,0.08121,0
C5,2163.1009,117.64262,0.079457,0
C5,2163.6009,119.21807,0.078092,0
C5,2164.1009,120.47709,0.077482,0
C5,2164.6009,120.48385,0.077434,0
C5,2165.1009,120.5757,0.077184,0
C5,2165.6009,121.00428,0.076723,0
C5,2166.1009,121.53137,0.076027,0
C5,2166.6009,122.44828,0.075197,0
C5,2167.1009,123.2537,0.074634,0
C5,2167.6009,123.61781,0.074366,0
C5,2168.1009,123.80945,0.074511,0
C5,2168.6009,123.31853,0.075172,0
C5,2169.1009,122.43735,0.076764,0
C5,2169.6009,120.01164,0.079129,0
C5,2170.1009,117.53046,0.081625,0
C5,2170.6009,114.82971,0.08419,0
C5,2171.1009,112.20672,0.086569,0
C5,2171.6009,109.8915,0.088388,0
C5,2172.1009,108.42871,0.088172,0
C5,2172.6009,110.3395,0.086258,0
C5,2173.1009,112.40297,0.083979,0
C5,2173.6009,115.07066,0.081535,0
C5,2174.1009,117.47746,0.079713,0
C5,2174.6009,118.85183,0.078791,0
C5,2175.1009,119.39059,0.079864,0
C5,2175.6009,116.62247,0.082687,0
C5,2176.1009,113.53114,0.086281,0
C5,2176.6009,109.16063,0.090179,0
C5,2177.1009,105.44152,0.092521,0
C5,2177.6009,104.30031,0.093434,0
C5,2178.1009,103.54608,0.093422,0
C5,2178.6009,104.32331,0.092386,0
C5,2179.1009,105.69729,0.089924,0
C5,2179.6009,109.43289,0.086395,0
C5,2180.1009,113.02402,0.083211,0
C5,2180.6009,116.04335,0.080348,0
C5,2181.1009,118.96671,0.077715,0
C5,2181.6009,121.51027,0.075522,0
C5,2182.1009,123.51871,0.074606,0
C5,2182.6009,123.40946,0.075004,0
C5,2183.1009,122.69258,0.076854,0
C5,2183.6009,119.57102,0.079762,0
C5,2184.1009,116.65714,0.082173,0
C5,2184.6009,114.5652,0.084047,0
C5,2185.1009,112.76587,0.085223,0
C5,2185.6009,112.12451,0.085573,0
C5,2186.1009,112.03928,0.084595,0
C5,2186.6009,114.15496,0.0828,0
C5,2187.1009,115.76617,0.082208,0
C5,2187.6009,115.38093,0.08275,0
C5,2188.1009,114.64171,0.084138,0
C5,2188.6009,112.50152,0.086353,0
C5,2189.1009,110.04498,0.089322,0
C5,2189.6009,106.33642,0.092705,0
C5,2190.1009,103.02335,0.095143,0
C5,2190.6009,101.27549,0.096542,0
C5,2191.1009,100.11855,0.09653,0
C5,2191.6009,101.30014,0.095404,0
C5,2192.1009,102.45551,0.094342,0
C5,2192.6009,103.50705,0.093691,0
C5,2193.1009,103.80717,0.094834,0
C5,2193.6009,101.13352,0.098071,0
C5,2194.1009,97.085762,0.104591,0
C5,2194.6009,87.599945,0.113811,0
C5,2195.1009,77.945343,0.12194,3
C5,2195.6009,67.622787,0.128964,3
C5,2196.1009,57.789337,0.152644,3
C5,2196.6009,49.891506,0.166548,3
C5,2197.1009,43.251789,0.156292,2
C5,2197.6009,41.591091,0.13986,2
C5,2198.1009,40.334221,0.145409,2
C5,2198.6009,40.675488,0.156056,2
C5,2199.1009,41.268635,0.141766,2
C5,2199.6009,42.858616,0.143128,2
C5,2200.1009,44.0737,0.152609,2
C5,2200.6009,43.805107,0.158425,2
C5,2201.1009,43.443729,0.155567,2
C5,2201.6009,42.715153,0.146317,2
C5,2202.1009,42.039173,0.142912,2
C5,2202.6009,41.571342,0.156346,2
C5,2203.1009,41.448524,0.165098,2
C5,2203.6009,42.691078,0.157328,2
C5,2204.1009,44.118946,0.151624,2
C5,2204.6009,46.280182,0.161504,2
C5,2205.1009,48.26123,0.173427,2
C5,2205.6009,49.529179,0.149602,2
C5,2206.1009,50.55975,0.130205,1
C5,2206.6009,50.650902,0.133182,1
C5,2207.1009,50.400383,0.146158,1
C5,2207.6009,48.797699,0.147341,1
C5,2208.1009,47.500999,0.134472,1
C5,2208.6009,47.415245,0.14034,3
C5,2209.1009,47.309044,0.144881,3
C5,2209.6009,47.121929,0.150378,3
C5,2210.1009,47.460506,0.150318,3
C5,2210.6009,49.87952,0.138942,2
C5,2211.1009,52.246471,0.133765,2
C5,2211.6009,54.407383,0.136596,2
C5,2212.1009,56.8158,0.123878,2
C5,2212.6009,60.203732,0.127304,2
C5,2213.1009,63.198387,0.130273,2
C5,2213.6009,64.636635,0.11606,2
C5,2214.1009,66.031151,0.124596,1
C5,2214.6009,67.252579,0.128027,1
C5,2215.1009,68.783432,0.125962,1
C5,2215.6009,71.538834,0.123036,1
C5,2216.1009,74.856186,0.118769,1
C5,2216.6009,80.397408,0.113495,1
C5,2217.1009,85.805199,0.10854,0
C5,2217.6009,90.684975,0.104259,0
C5,2218.1009,94.690758,0.102066,0
C5,2218.6009,95.23774,0.101952,0
C5,2219.1009,94.927307,0.103886,0
C5,2219.6009,91.223633,0.107637,0
C5,2220.1009,87.139473,0.112297,0
C5,2220.6009,81.549568,0.11759,0
C5,2221.1009,76.152344,0.122423,1
C5,2221.6009,71.517677,0.126636,2
C5,2222.1009,67.146194,0.133105,2
C5,2222.6009,63.816296,0.155153,2
C5,2223.1009,60.614246,0.178028,2
C5,2223.6009,57.918175,0.156642,2
C5,2224.1009,55.757664,0.125865,2
C5,2224.6009,55.716629,0.134003,2
C5,2225.1009,56.098042,0.132458,2
C5,2225.6009,58.151295,0.117855,2
C5,2226.1009,60.758785,0.118142,1
C5,2226.6009,65.559654,0.122649,1
C5,2227.1009,70.097672,0.124338,1
C5,2227.6009,73.595444,0.121026,1
C5,2228.1009,76.973167,0.118001,1
C5,2228.6009,79.875816,0.115423,1
C5,2229.1009,82.324493,0.113929,1
C5,2229.6009,82.976562,0.113478,1
C5,2230.1009,83.260574,0.113906,3
C5,2230.6009,82.087982,0.115163,1
C5,2231.1009,80.651405,0.117051,1
C5,2231.6009,78.170174,0.119402,1
C5,2232.1009,75.769035,0.121563,2
C5,2232.6009,73.684883,0.123333,2
C5,2233.1009,72.096321,0.123919,1
C5,2233.6009,72.469025,0.123439,1
C5,2234.1009,73.091858,0.122362,2
C5,2234.6009,74.704559,0.12073,2
C5,2235.1009,76.47963,0.11871,2
C5,2235.6009,78.897217,0.116636,2
C5,2236.1009,80.785049,0.115828,2
C5,2236.6009,80.576332,0.116406,2
C5,2237.1009,79.584862,0.118853,2
C5,2237.6009,75.495628,0.121153,1
C5,2238.1009,70.935883,0.119637,1
C5,2238.6009,64.514107,0.131127,2
C5,2239.1009,58.541286,0.149015,2
C5,2239.6009,54.345203,0.154921,2
C5,2240.1009,51.299427,0.163096,2
C5,2240.6009,52.805992,0.156575,2
C5,2241.1009,55.098984,0.115772,2
C5,2241.6009,60.504261,0.097825,1
C5,2242.1009,66.07119,0.115631,1
C5,2242.6009,72.27784,0.121276,1
C5,2243.1009,77.77195,0.117341,0
C5,2243.6009,80.446167,0.114909,0
C5,2244.1009,82.819633,0.113196,0
C5,2244.6009,84.002861,0.112181,0
C5,2245.1009,84.92627,0.111787,0
C5,2245.6009,84.821419,0.111908,0
C5,2246.1009,84.674538,0.11213,0
C5,2246.6009,84.361313,0.112726,0
C5,2247.1009,83.437126,0.114781,0
C5,2247.6009,80.095078,0.118026,0
C5,2248.1009,76.699623,0.121399,0
C5,2248.6009,73.09285,0.124573,0
C5,2249.1009,70.111916,0.126252,1
C5,2249.6009,69.607765,0.126249,1
C5,2250.1009,70.119415,0.123819,0
C5,2250.6009,74.651154,0.119388,0
C5,2251.1009,79.318398,0.114633,0
C5,2251.6009,84.521896,0.109948,0
C5,2252.1009,89.044373,0.106889,0
C5,2252.6009,90.871719,0.105478,0
C5,2253.1009,91.973068,0.105801,0
C5,2253.6009,90.201241,0.107709,0
C5,2254.1009,88.012665,0.110612,0
C5,2254.6009,84.174828,0.114111,0
C5,2255.1009,80.749626,0.116623,0
C5,2255.6009,78.957451,0.118233,0
C5,2256.1009,77.409576,0.119258,0
C5,2256.6009,76.828545,0.119505,0
C5,2257.1009,76.897614,0.118199,0
C5,2257.6009,79.539429,0.115867,1
C5,2258.1009,81.737167,0.114596,1
C5,2258.6009,82.177437,0.114338,1
C5,2259.1009,82.27314,0.114903,1
C5,2259.6009,81.005196,0.116719,0
C5,2260.1009,78.503998,0.123706,0
C5,2260.6009,71.122215,0.138679,0
C5,2261.1009,64.197647,0.140673,0
C5,2261.6009,59.082516,0.142136,2
C5,2262.1009,54.97353,0.143264,2
C5,2262.6009,54.846371,0.126332,2
C5,2263.1009,56.343437,0.117667,2
C5,2263.6009,64.26841,0.121358,2
C5,2264.1009,71.871223,0.121266,2
C5,2264.6009,78.199104,0.115927,3
C5,2265.1009,82.954102,0.114345,3
C5,2265.6009,81.484375,0.116272,3
C5,2266.1009,78.955048,0.120729,1
C5,2266.6009,72.232323,0.126868,1
C5,2267.1009,65.920891,0.131939,2
C5,2267.6009,61.237175,0.136191,2
C5,2268.1009,58.3871,0.132497,2
C5,2268.6009,62.793716,0.127191,2
C5,2269.1009,68.395905,0.122685,2
C5,2269.6009,78.729576,0.112816,2
C5,2270.1009,88.883537,0.103375,2
C5,2270.6009,98.326317,0.094994,2
C5,2271.1009,106.28074,0.090167,2
C5,2271.6009,108.34498,0.088969,0
C5,2272.1009,108.76908,0.091687,0
C5,2272.6009,102.70226,0.097627,0
C5,2273.1009,96.438263,0.104038,0
C5,2273.6009,89.393974,0.110619,0
C5,2274.1009,82.778519,0.116176,0
C5,2274.6009,77.860161,0.12051,1
C5,2275.1009,73.781586,0.122838,1
C5,2275.6009,73.026459,0.123599,1
C5,2276.1009,72.202248,0.124524,1
C5,2276.6009,71.10463,0.125417,1
C5,2277.1009,70.349327,0.125492,1
C5,2277.6009,70.948776,0.125053,1
C5,2278.1009,71.260254,0.125302,1
C5,2278.6009,70.432091,0.125843,2
C5,2279.1009,70.137703,0.125109,2
C5,2279.6009,71.955742,0.123376,2
C5,2280.1009,73.734711,0.121736,2
C5,2280.6009,75.359085,0.119833,2
C5,2281.1009,77.685089,0.116254,2
C5,2281.6009,82.787796,0.111607,2
C5,2282.1009,87.333298,0.10829,0
C5,2282.6009,89.673698,0.106179,0
C5,2283.1009,91.715782,0.10478,0
C5,2283.6009,92.577293,0.104284,0
C5,2284.1009,92.746475,0.105441,0
C5,2284.6009,90.175774,0.107907,0
C5,2285.1009,87.62606,0.110324,0
C5,2285.6009,85.159409,0.112758,0
C5,2286.1009,82.574173,0.115474,0
C5,2286.6009,79.519638,0.118187,2
C5,2287.1009,76.942711,0.119759,2
C5,2287.6009,76.255882,0.120303,2
C5,2288.1009,75.814613,0.12026,0
C5,2288.6009,76.345146,0.119707,0
C5,2289.1009,76.962875,0.118945,0
C5,2289.6009,77.925705,0.118166,1
C5,2290.1009,78.579117,0.118127,1
C5,2290.6009,78.007996,0.118461,1
C5,2291.1009,77.886116,0.117721,2
C5,2291.6009,79.542053,0.11593,2
C5,2292.1009,81.604485,0.113169,2
C5,2292.6009,85.275581,0.109713,2
C5,2293.1009,88.77668,0.106664,2
C5,2293.6009,91.604973,0.104296,0
C5,2294.1009,93.692635,0.103697,0
C5,2294.6009,92.849243,0.104726,0
C5,2295.1009,91.555161,0.106832,0
C5,2295.6009,88.477463,0.109817,0
C5,2296.1009,85.358322,0.112901,0
C5,2296.6009,82.075142,0.116142,0
C5,2297.1009,78.632034,0.119764,0
C5,2297.6009,74.55603,0.123662,0
C5,2298.1009,70.540337,0.126684,0
C5,2298.6009,66.763298,0.126953,0
C5,2299.1009,63.595913,0.130526,2
C5,2299.6009,62.84127,0.140413,2
C5,2300.1009,63.130356,0.137193,2
C5,2300.6009,67.550011,0.126321,2
C5,2301.1009,72.025719,0.121902,1
C5,2301.6009,76.723274,0.117731,1
C5,2302.1009,80.684334,0.115319,1
C5,2302.6009,81.730682,0.11462,1
C5,2303.1009,82.134911,0.115455,0
C5,2303.6009,79.99791,0.117262,0
C5,2304.1009,78.38356,0.117822,2
C5,2304.6009,78.837631,0.116964,2
C5,2305.1009,80.16452,0.114021,2
C5,2305.6009,84.945549,0.109556,2
C5,2306.1009,89.432892,0.105793,2
C5,2306.6009,92.758003,0.10303,2
C5,2307.1009,95.168907,0.10245,0
C5,2307.6009,93.961815,0.104006,0
C5,2308.1009,91.938217,0.107512,0
C5,2308.6009,86.683266,0.112501,0
C5,2309.1009,81.58252,0.117122,1
C5,2309.6009,77.092064,0.121233,1
C5,2310.1009,73.048943,0.124275,1
C5,2310.6009,70.776176,0.126241,1
C5,2311.1009,68.968422,0.127096,1
C5,2311.6009,69.000954,0.126984,1
C5,2312.1009,69.198959,0.126477,1
C5,2312.6009,70.051796,0.125788,1
C5,2313.1009,70.63047,0.125753,1
C5,2313.6009,70.124161,0.126394,1
C5,2314.1009,69.300461,0.124561,1
C5,2314.6009,67.220718,0.115705,1
C5,2315.1009,65.190361,0.128984,1
C5,2315.6009,63.355453,0.139067,1
C5,2316.1009,61.993771,0.115455,1
C5,2316.6009,62.504864,0.117655,2
C5,2317.1009,63.129089,0.133514,2
C5,2317.6009,64.201057,0.133394,2
C5,2318.1009,65.370316,0.131244,1
C5,2318.6009,66.924614,0.128363,1
C5,2319.1009,68.415291,0.127047,1
C5,2319.6009,69.654137,0.125657,1
C5,2320.1009,71.30101,0.123292,1
C5,2320.6009,74.562706,0.120037,1
C5,2321.1009,78.057724,0.116225,1
C5,2321.6009,82.476173,0.111759,0
C5,2322.1009,87.32869,0.106256,0
C5,2322.6009,93.899017,0.099959,0
C5,2323.1009,100.40107,0.093825,0
C5,2323.6009,106.63285,0.088283,0
C5,2324.1009,111.90562,0.085031,0
C5,2324.6009,113.38309,0.084332,0
C5,2325.1009,113.35739,0.087222,0
C5,2325.6009,107.38293,0.093459,3
C5,2326.1009,100.40964,0.102082,0
C5,2326.6009,89.483452,0.112284,0
C5,2327.1009,79.23243,0.119044,1
C5,2327.6009,71.653389,0.121271,1
C5,2328.1009,65.178223,0.139031,1
C5,2328.6009,63.071621,0.147143,1
C5,2329.1009,62.138729,0.124758,1
C5,2329.6009,65.850815,0.119048,1
C5,2330.1009,69.621712,0.124553,1
C5,2330.6009,73.625343,0.120714,1
C5,2331.1009,77.591309,0.116965,1
C5,2331.6009,81.408157,0.113534,1
C5,2332.1009,84.712975,0.111326,1
C5,2332.6009,85.991447,0.110474,1
C5,2333.1009,86.481857,0.111504,1
C5,2333.6009,83.853516,0.11426,1
C5,2334.1009,80.760422,0.118126,0
C5,2334.6009,75.828056,0.122862,0
C5,2335.1009,70.929649,0.121981,0
C5,2335.6009,66.165627,0.10502,0
C5,2336.1009,62.024368,0.11415,0
C5,2336.6009,60.347717,,
C6,1876.7223,,0.174031,
C6,1877.2223,81.027946,0.16967,
C6,1877.7223,85.427429,0.167,3
C6,1878.2223,88.12159,0.166441,3
C6,1878.7223,88.684662,0.166921,1
C6,1879.2223,88.200562,0.168698,1
C6,1879.7223,86.407845,0.169817,1
C6,1880.2223,85.278732,0.170115,3
C6,1880.7223,84.978897,0.169068,1
C6,1881.2223,86.034393,0.166343,1
C6,1881.7223,88.7836,0.163684,1
C6,1882.2223,91.465584,0.161109,0
C6,1882.7223,94.063553,0.160666,0
C6,1883.2223,94.510628,0.162887,0
C6,1883.7223,92.269836,0.166595,0
C6,1884.2223,88.529427,0.17216,1
C6,1884.7223,82.915016,0.176918,1
C6,1885.2223,78.115128,0.180667,1
C6,1885.7223,74.333115,0.182036,1
C6,1886.2223,72.952721,0.180429,1
C6,1886.7223,74.573517,0.177907,1
C6,1887.2223,77.116966,0.174243,1
C6,1887.7223,80.813416,0.171585,1
C6,1888.2223,83.495049,0.170184,0
C6,1888.7223,84.908508,0.170474,0
C6,1889.2223,84.616638,0.172876,0
C6,1889.7223,82.193703,0.175517,1
C6,1890.2223,79.528931,0.178458,1
C6,1890.7223,76.561951,0.18019,1
C6,1891.2223,74.815025,0.18041,1
C6,1891.7223,74.592758,0.17968,1
C6,1892.2223,75.328857,0.177764,1
C6,1892.7223,77.262581,0.175475,1
C6,1893.2223,79.571175,0.172722,1
C6,1893.7223,82.348244,0.170937,1
C6,1894.2223,84.149734,0.17036,1
C6,1894.7223,84.732094,0.171858,1
C6,1895.2223,83.220413,0.17595,1
C6,1895.7223,79.091896,0.181154,1
C6,1896.2223,73.842171,0.187747,2
C6,1896.7223,67.191315,0.194189,2
C6,1897.2223,60.691856,0.200444,2
C6,1897.7223,54.381592,0.203997,2
C6,1898.2223,50.797974,0.204171,2
C6,1898.7223,50.621727,0.202786,2
C6,1899.2223,52.018528,0.199453,2
C6,1899.7223,55.381096,0.196523,3
C6,1900.2223,58.337292,0.194096,3
C6,1900.7223,60.785664,0.192222,3
C6,1901.2223,62.676586,0.191038,3
C6,1901.7223,63.870884,0.190469,3
C6,1902.2223,64.444206,0.19067,2
C6,1902.7223,64.241531,0.190219,2
C6,1903.2223,64.697388,0.188951,2
C6,1903.7223,65.976196,0.188159,2
C6,1904.2223,66.774948,0.187962,2
C6,1904.7223,66.973808,0.187751,2
C6,1905.2223,67.187431,0.187521,2
C6,1905.7223,67.419487,0.186039,2
C6,1906.2223,68.914413,0.182992,2
C6,1906.7223,71.987488,0.179095,2
C6,1907.2223,75.918533,0.174136,2
C6,1907.7223,80.921753,0.169126,1
C6,1908.2223,85.975426,0.164054,1
C6,1908.7223,91.092155,0.160994,0
C6,1909.2223,94.179932,0.160447,0
C6,1909.7223,94.732224,0.161316,0
C6,1910.2223,93.855446,0.163955,0
C6,1910.7223,91.192818,0.167088,0
C6,1911.2223,88.032021,0.170839,0
C6,1911.7223,84.248688,0.174321,1
C6,1912.2223,80.735802,0.177468,1
C6,1912.7223,77.560875,0.179898,1
C6,1913.2223,75.108788,0.181433,1
C6,1913.7223,73.55999,0.182564,1
C6,1914.2223,72.419594,0.183188,0
C6,1914.7223,71.789551,0.183289,0
C6,1915.2223,71.688095,0.182735,0
C6,1915.7223,72.2472,0.182408,0
C6,1916.2223,72.576538,0.182366,0
C6,1916.7223,72.618744,0.182428,0
C6,1917.2223,72.556923,0.182618,0
C6,1917.7223,72.365097,0.182104,1
C6,1918.2223,72.884193,0.180708,1
C6,1918.7223,74.291695,0.178464,1
C6,1919.2223,76.555946,0.175158,1
C6,1919.7223,79.890831,0.171559,1
C6,1920.2223,83.522041,0.167592,1
C6,1920.7223,87.523552,0.164983,1
C6,1921.2223,90.15609,0.164069,1
C6,1921.7223,91.077866,0.16467,1
C6,1922.2223,90.471451,0.167164,1
C6,1922.7223,87.955322,0.170378,1
C6,1923.2223,84.712914,0.174492,0
C6,1923.7223,80.562881,0.178175,1
C6,1924.2223,76.847687,0.181319,1
C6,1924.7223,73.67588,0.184106,1
C6,1925.2223,70.864021,0.186447,0
C6,1925.7223,68.501968,0.18812,0
C6,1926.2223,66.814369,0.188958,1
C6,1926.7223,65.969604,0.189197,1
C6,1927.2223,65.728569,0.188688,1
C6,1927.7223,66.241989,0.186683,1
C6,1928.2223,68.264748,0.182808,1
C6,1928.7223,72.173668,0.179361,1
C6,1929.2223,75.65062,0.17645,1
C6,1929.7223,78.587769,0.174886,1
C6,1930.2223,80.165802,0.175005,1
C6,1930.7223,80.04541,0.17647,1
C6,1931.2223,78.567451,0.179616,0
C6,1931.7223,75.393013,0.182049,0
C6,1932.2223,72.938904,0.183589,0
C6,1932.7223,71.384956,0.18376,0
C6,1933.2223,71.212975,0.182218,1
C6,1933.7223,72.767982,0.179998,1
C6,1934.2223,75.007866,0.17693,1
C6,1934.7223,78.1036,0.174508,1
C6,1935.2223,80.546776,0.172894,1
C6,1935.7223,82.174477,0.173001,1
C6,1936.2223,82.067345,0.175256,1
C6,1936.7223,79.792274,0.178228,3
C6,1937.2223,76.793915,0.182096,3
C6,1937.7223,72.89167,0.185528,2
C6,1938.2223,69.429245,0.188415,2
C6,1938.7223,66.516449,0.189068,2
C6,1939.2223,65.858032,0.186928,2
C6,1939.7223,68.016823,0.184857,2
C6,1940.2223,70.106354,0.182872,2
C6,1940.7223,72.109329,0.181088,2
C6,1941.2223,73.909042,0.179555,1
C6,1941.7223,75.45475,0.178823,1
C6,1942.2223,76.193619,0.17909,1
C6,1942.7223,75.92421,0.178862,1
C6,1943.2223,76.154198,0.178015,1
C6,1943.7223,77.008278,0.17742,1
C6,1944.2223,77.608665,0.177139,1
C6,1944.7223,77.892014,0.176723,1
C6,1945.2223,78.311356,0.176139,1
C6,1945.7223,78.90062,0.174595,1
C6,1946.2223,80.458977,0.17185,1
C6,1946.7223,83.228371,0.168008,1
C6,1947.2223,87.104378,0.162795,1
C6,1947.7223,92.363281,0.158154,1
C6,1948.2223,97.045158,0.154228,1
C6,1948.7223,101.00595,0.151645,1
C6,1949.2223,103.61188,0.15074,1
C6,1949.7223,104.5247,0.112179,0
C6,1950.2223,103.06665,0.066568,0
C6,1950.7223,98.645805,0.071507,0
C6,1951.2223,93.662445,0.077144,1
C6,1951.7223,87.976112,0.082804,1
C6,1952.2223,82.266357,0.088492,1
C6,1952.7223,76.527321,0.092215,1
C6,1953.2223,72.771835,0.09348,1
C6,1953.7223,71.49511,0.093434,1
C6,1954.2223,71.541969,0.091748,1
C6,1954.7223,73.242867,0.09007,1
C6,1955.2223,74.935127,0.088404,1
C6,1955.7223,76.616592,0.087593,1
C6,1956.2223,77.434616,0.087851,1
C6,1956.7223,77.173653,0.089088,2
C6,1957.2223,75.926193,0.091546,2
C6,1957.7223,73.445969,0.093248,2
C6,1958.2223,71.729012,0.094005,2
C6,1958.7223,70.965874,0.094771,2
C6,1959.2223,70.193398,0.095548,2
C6,1959.7223,69.409256,0.096581,1
C6,1960.2223,68.367622,0.097932,1
C6,1960.7223,67.004204,0.100725,1
C6,1961.2223,64.187195,0.105318,1
C6,1961.7223,59.553684,0.108974,3
C6,1962.2223,55.865108,0.111459,3
C6,1962.7223,53.357372,0.11339,2
C6,1963.2223,51.40955,0.114627,2
C6,1963.7223,50.161423,0.114488,2
C6,1964.2223,50.301105,0.112631,2
C6,1964.7223,52.175076,0.112095,2
C6,1965.2223,52.715881,0.11321,2
C6,1965.7223,51.590698,0.113426,2
C6,1966.2223,51.372768,0.112518,2
C6,1966.7223,52.288605,0.111112,2
C6,1967.2223,53.707409,0.109083,2
C6,1967.7223,55.754753,0.105742,2
C6,1968.2223,59.125328,0.100762,2
C6,1968.7223,64.149475,0.096107,1
C6,1969.2223,68.844963,0.09186,1
C6,1969.7223,73.12973,0.088177,1
C6,1970.2223,76.845001,0.0852,1
C6,1970.7223,79.848595,0.082694,0
C6,1971.2223,82.37648,0.080778,0
C6,1971.7223,84.309906,0.079839,0
C6,1972.2223,85.256332,0.080124,0
C6,1972.7223,84.969368,0.081535,0
C6,1973.2223,83.54631,0.084353,0
C6,1973.7223,80.703537,0.087522,0
C6,1974.2223,77.506691,0.091129,1
C6,1974.7223,73.867393,0.094715,1
C6,1975.2223,70.250244,0.098273,1
C6,1975.7223,66.660789,0.100791,1
C6,1976.2223,64.120087,0.10201,1
C6,1976.7223,62.889984,0.102401,1
C6,1977.2223,62.495712,0.101756,1
C6,1977.7223,63.145939,0.099296,1
C6,1978.2223,65.628181,0.094566,1
C6,1978.7223,70.399818,0.089847,1
C6,1979.2223,75.160812,0.08514,1
C6,1979.7223,79.908524,0.08204,0
C6,1980.2223,83.036194,0.080946,0
C6,1980.7223,84.139381,0.082252,0
C6,1981.2223,82.82193,0.086557,0
C6,1981.7223,78.479515,0.091864,0
C6,1982.2223,73.125534,0.098424,1
C6,1982.7223,66.507439,0.103973,1
C6,1983.2223,60.909538,0.108258,1
C6,1983.7223,56.586521,0.111215,2
C6,1984.2223,53.604145,0.11251,2
C6,1984.7223,52.297112,0.111649,2
C6,1985.2223,53.16618,0.108092,2
C6,1985.7223,56.754639,0.10329,2
C6,1986.2223,61.598343,0.096934,2
C6,1986.7223,68.010674,0.090601,2
C6,1987.2223,74.399422,0.084298,1
C6,1987.7223,80.758682,0.079886,0
C6,1988.2223,85.209633,0.077838,0
C6,1988.7223,87.275833,0.078061,0
C6,1989.2223,87.050354,0.081124,0
C6,1989.7223,83.961052,0.08449,0
C6,1990.2223,80.565544,0.088235,1
C6,1990.7223,76.787399,0.091162,1
C6,1991.2223,73.834663,0.093066,1
C6,1991.7223,71.913406,0.093493,1
C6,1992.2223,71.482712,0.092074,1
C6,1992.7223,72.914703,0.090825,1
C6,1993.2223,74.173851,0.089791,2
C6,1993.7223,75.216995,0.089641,2
C6,1994.2223,75.368271,0.090596,2
C6,1994.7223,74.404991,0.092437,2
C6,1995.2223,72.547737,0.095385,2
C6,1995.7223,69.573326,0.09796,2
C6,1996.2223,66.975594,0.100069,2
C6,1996.7223,64.848579,0.100037,2
C6,1997.2223,64.880753,0.09733,2
C6,1997.7223,67.611153,0.092352,3
C6,1998.2223,72.634026,0.084533,3
C6,1998.7223,80.521706,0.075092,1
C6,1999.2223,90.046432,0.063622,1
C6,1999.7223,101.61693,0.055522,0
C6,2000.2223,112.31635,0.051631,0
C6,2000.7223,121.92723,0.040108,0
C6,2001.2223,129.78021,0.019047,0
C6,2001.7223,135.43646,0.011641,0
C6,2002.2223,139.3228,0.021299,0
C6,2002.7223,140.99734,0.026775,0
C6,2003.2223,142.00034,0.027024,0
C6,2003.7223,142.16412,0.022744,0
C6,2004.2223,142.25008,0.012802,0
C6,2004.7223,142.23871,0.014019,0
C6,2005.2223,142.16,0.029181,0
C6,2005.7223,141.99712,0.028672,0
C6,2006.2223,141.90666,0.008581,0
C6,2006.7223,141.90668,0,0
C6,2007.2223,142.03198,0,0
C6,2007.7223,142.31383,0,0
C6,2008.2223,142.79533,0,0
C6,2008.7223,143.52635,0,0
C6,2009.2223,144.06064,0.028114,0
C6,2009.7223,144.34909,0.039397,0
C6,2010.2223,144.38943,0.022185,0
C6,2010.7223,144.11974,0.017565,0
C6,2011.2223,143.63708,0.028679,0
C6,2011.7223,142.88834,0.039449,0
C6,2012.2223,142.28551,0.04979,0
C6,2012.7223,141.8651,0.052042,0
C6,2013.2223,141.59428,0.044185,0
C6,2013.7223,141.51044,0.037662,0
C6,2014.2223,141.6115,0.032804,0
C6,2014.7223,141.94362,0.015726,0
C6,2015.2223,142.33286,0,0
C6,2015.7223,142.79346,0,0
C6,2016.2223,143.25069,0.016898,0
C6,2016.7223,143.70372,0.04231,0
C6,2017.2223,144.14743,0.054934,0
C6,2017.7223,144.5795,0.059257,0
C6,2018.2223,145.3038,0.053204,0
C6,2018.7223,146.39331,0.035617,0
C6,2019.2223,147.7075,0.003616,0
C6,2019.7223,149.30246,0,0
C6,2020.2223,150.83549,0,0
C6,2020.7223,152.29111,0.003176,0
C6,2021.2223,152.73512,0.01731,0
C6,2021.7223,151.91499,0.020631,0
C6,2022.2223,150.2869,0.010437,0
C6,2022.7223,147.64909,0.002154,0
C6,2023.2223,144.80325,0,0
C6,2023.7223,141.6974,0.005468,0
C6,2024.2223,139.53683,0.033545,0
C6,2024.7223,138.55756,0.043651,0
C6,2025.2223,138.18329,0.031299,0
C6,2025.7223,138.56511,0.022581,0
C6,2026.2223,138.95891,0.018404,0
C6,2026.7223,139.36769,0.020086,0
C6,2027.2223,139.66176,0.029088,0
C6,2027.7223,139.81252,0.023507,0
C6,2028.2223,140.23016,0,0
C6,2028.7223,140.98138,0,0
C6,2029.2223,142.32928,0.019173,0
C6,2029.7223,144.42282,0.02886,0
C6,2030.2223,145.97429,0.02237,0
C6,2030.7223,146.84836,0.023098,0
C6,2031.2223,147.01537,0.032845,0
C6,2031.7223,146.29877,0.03406,0
C6,2032.2223,144.87105,0.024613,0
C6,2032.7223,142.55469,0.020495,0
C6,2033.2223,140.8595,0.023036,0
C6,2033.7223,139.94054,0.016451,0
C6,2034.2223,139.96362,0,0
C6,2034.7223,141.16393,0,0
C6,2035.2223,142.91956,0,0
C6,2035.7223,145.36917,0.007081,0
C6,2036.2223,147.59154,0.03208,0
C6,2036.7223,149.52994,0.040459,0
C6,2037.2223,150.95703,0.028068,0
C6,2037.7223,151.74519,0.015064,0
C6,2038.2223,152.54362,0.001293,0
C6,2038.7223,153.3549,0,0
C6,2039.2223,154.50861,0.014013,0
C6,2039.7223,156.09019,0.027457,0
C6,2040.2223,157.34978,0.040079,0
C6,2040.7223,158.20689,0.042397,0
C6,2041.2223,158.67332,0.03184,0
C6,2041.7223,158.65149,0.015896,0
C6,2042.2223,157.88925,0,0
C6,2042.7223,156.20177,0.001407,0
C6,2043.2223,154.78455,0.048158,0
C6,2043.7223,153.70506,0.0573,0
C6,2044.2223,152.76418,0.019443,0
C6,2044.7223,151.99641,0.004928,0
C6,2045.2223,151.62746,0.019583,0
C6,2045.7223,151.75681,0.020539,0
C6,2046.2223,151.58313,0.004377,0
C6,2046.7223,151.03073,0.002557,0
C6,2047.2223,150.08545,0.018661,0
C6,2047.7223,148.64922,0.027066,0
C6,2048.2223,146.99484,0.025849,0
C6,2048.7223,145.06789,0.019744,0
C6,2049.2223,143.61415,0.007529,0
C6,2049.7223,142.75182,0.003482,0
C6,2050.2223,142.69321,0.00964,0
C6,2050.7223,143.63901,0.008815,0
C6,2051.2223,145.32541,0,0
C6,2051.7223,147.93733,0,0
C6,2052.2223,150.29379,0,0
C6,2052.7223,152.33105,0,0
C6,2053.2223,153.6216,0,0
C6,2053.7223,153.97897,0.001621,0
C6,2054.2223,153.00752,0.029937,0
C6,2054.7223,150.37549,0.036449,0
C6,2055.2223,147.56053,0.015713,0
C6,2055.7223,144.51698,0.015335,0
C6,2056.2223,141.60793,0.040399,0
C6,2056.7223,138.86697,0.044822,0
C6,2057.2223,137.16853,0.023451,0
C6,2057.7223,136.77292,0.015088,0
C6,2058.2223,137.00725,0.022982,0
C6,2058.7223,138.02879,0.034968,0
C6,2059.2223,139.49619,0.052067,0
C6,2059.7223,141.52071,0.061368,0
C6,2060.2223,143.39726,0.060926,0
C6,2060.7223,145.08897,0.058304,0
C6,2061.2223,146.44563,0.052958,0
C6,2061.7223,147.38361,0.038124,0
C6,2062.2223,147.92082,0.011431,0
C6,2062.7223,147.95723,0.005133,0
C6,2063.2223,147.72821,0.024324,0
C6,2063.7223,147.16748,0.028826,0
C6,2064.2223,146.51485,0.014974,0
C6,2064.7223,145.74733,0.015275,0
C6,2065.2223,145.08356,0.033264,0
C6,2065.7223,144.54942,0.033564,0
C6,2066.2223,144.27872,0.011757,0
C6,2066.7223,144.33719,0.005738,0
C6,2067.2223,144.74104,0.019449,0
C6,2067.7223,145.57652,0.018406,0
C6,2068.2223,146.60147,0,0
C6,2068.7223,147.8632,0,0
C6,2069.2223,148.97911,0,0
C6,2069.7223,149.9128,0,0
C6,2070.2223,150.26018,0,0
C6,2070.7223,149.87482,0.001698,0
C6,2071.2223,149.19588,0.004436,0
C6,2071.7223,148.15001,0.012253,0
C6,2072.2223,147.33699,0.026416,0
C6,2072.7223,146.81494,0.031614,0
C6,2073.2223,146.71449,0.025608,0
C6,2073.7223,147.1409,0.028404,0
C6,2074.2223,147.6234,0.0422,0
C6,2074.7223,148.17603,0.042423,0
C6,2075.2223,148.33794,0.025682,0
C6,2075.7223,148.01161,0.017814,0
C6,2076.2223,147.21017,0.021034,0
C6,2076.7223,145.81502,0.019482,0
C6,2077.2223,144.62527,0.011968,0
C6,2077.7223,143.69225,0.006079,0
C6,2078.2223,143.38193,0.00222,0
C6,2078.7223,143.84976,0.006448,0
C6,2079.2223,145.04309,0.020782,0
C6,2079.7223,147.14304,0.017201,0
C6,2080.2223,149.02051,0,0
C6,2080.7223,150.61993,0,0
C6,2081.2223,151.4052,0.001188,0
C6,2081.7223,151.173,0.005285,0
C6,2082.2223,150.49094,0,0
C6,2082.7223,149.24664,0,0
C6,2083.2223,148.13197,0.015633,0
C6,2083.7223,147.17929,0.022047,0
C6,2084.2223,146.35152,0.01154,0
C6,2084.7223,145.67981,0,0
C6,2085.2223,144.96922,0,0
C6,2085.7223,144.21002,0,0
C6,2086.2223,143.43922,0.017748,0
C6,2086.7223,142.65393,0.025639,0
C6,2087.2223,142.22179,0.006446,0
C6,2087.7223,142.23096,0,0
C6,2088.2223,142.22267,0,0
C6,2088.7223,142.19257,0.002025,0
C6,2089.2223,142.11682,0.027535,0
C6,2089.7223,141.98405,0.038284,0
C6,2090.2223,140.37212,0.030587,0
C6,2090.7223,136.91171,0.038866,0
C6,2091.2223,131.22089,0.067111,0
C6,2091.7223,122.74277,0.081302,0
C6,2092.2223,111.5954,0.077933,0
C6,2092.7223,97.112396,0.081994,0
C6,2093.2223,83.083282,0.095338,2
C6,2093.7223,69.621384,0.106566,3
C6,2094.2223,58.293774,0.11515,3
C6,2094.7223,49.633305,0.121566,2
C6,2095.2223,43.161381,0.12527,2
C6,2095.7223,39.424389,0.12902,2
C6,2096.2223,36.441559,0.132827,2
C6,2096.7223,34.40118,0.129393,2
C6,2097.2223,33.192699,0.116911,2
C6,2097.7223,33.023815,0.113573,0
C6,2098.2223,34.174702,0.121663,0
C6,2098.7223,36.974857,0.124822,2
C6,2099.2223,39.876797,0.121819,2
C6,2099.7223,42.90593,0.12012,2
C6,2100.2223,44.61953,0.120051,2
C6,2100.7223,44.689159,0.12109,2
C6,2101.2223,43.641441,0.123512,2
C6,2101.7223,41.197418,0.125914,2
C6,2102.2223,38.775085,0.128288,2
C6,2102.7223,36.379868,0.129526,2
C6,2103.2223,35.13131,0.129343,3
C6,2103.7223,35.315689,0.128102,1
C6,2104.2223,36.567261,0.125539,1
C6,2104.7223,39.152462,0.122799,2
C6,2105.2223,41.91703,0.119837,2
C6,2105.7223,44.905746,0.116937,2
C6,2106.2223,47.830902,0.114117,2
C6,2106.7223,50.676636,0.111476,2
C6,2107.2223,53.34119,0.109059,2
C6,2107.7223,55.779339,0.106012,2
C6,2108.2223,58.853165,0.102177,2
C6,2108.7223,62.721363,0.098742,2
C6,2109.2223,66.186966,0.095805,2
C6,2109.7223,69.14946,0.094091,2
C6,2110.2223,70.879265,0.093903,2
C6,2110.7223,71.068626,0.094704,0
C6,2111.2223,70.260269,0.096741,0
C6,2111.7223,68.205101,0.098054,3
C6,2112.2223,66.881149,0.09846,3
C6,2112.7223,66.470985,0.097767,3
C6,2113.2223,67.17086,0.095698,2
C6,2113.7223,69.257919,0.093114,2
C6,2114.2223,71.864563,0.089887,2
C6,2114.7223,75.120514,0.087486,2
C6,2115.2223,77.542305,0.086119,2
C6,2115.7223,78.921661,0.085704,2
C6,2116.2223,79.340263,0.086479,2
C6,2116.7223,78.558258,0.0879,2
C6,2117.2223,77.124969,0.090128,2
C6,2117.7223,74.877808,0.092343,2
C6,2118.2223,72.642357,0.094544,2
C6,2118.7223,70.421524,0.096038,2
C6,2119.2223,68.914474,0.096648,2
C6,2119.7223,68.2994,0.096877,2
C6,2120.2223,68.068443,0.09663,2
C6,2120.7223,68.317497,0.096568,2
C6,2121.2223,68.38018,0.096736,2
C6,2121.7223,68.209976,0.09699,2
C6,2122.2223,67.9543,0.097349,2
C6,2122.7223,67.591812,0.097404,2
C6,2123.2223,67.536629,0.097078,3
C6,2123.7223,67.865486,0.096529,3
C6,2124.2223,68.419411,0.095701,3
C6,2124.7223,69.254601,0.095147,3
C6,2125.2223,69.813606,0.094935,0
C6,2125.7223,70.027458,0.094783,1
C6,2126.2223,70.180206,0.094708,2
C6,2126.7223,70.256592,0.094059,2
C6,2127.2223,70.910843,0.092695,2
C6,2127.7223,72.287216,0.090926,2
C6,2128.2223,74.071907,0.088651,2
C6,2128.7223,76.366852,0.086702,2
C6,2129.2223,78.333801,0.085158,2
C6,2129.7223,79.890884,0.084357,2
C6,2130.2223,80.69976,0.084482,2
C6,2130.7223,80.573631,0.08511,2
C6,2131.2223,79.939095,0.086369,1
C6,2131.7223,78.66922,0.087459,1
C6,2132.2223,77.569702,0.088338,1
C6,2132.7223,76.68306,0.088673,1
C6,2133.2223,76.344673,0.08833,1
C6,2133.7223,76.691406,0.088011,2
C6,2134.2223,77.013367,0.087722,2
C6,2134.7223,77.304375,0.087981,2
C6,2135.2223,77.043694,0.088922,2
C6,2135.7223,76.093582,0.090247,2
C6,2136.2223,74.756355,0.092052,1
C6,2136.7223,72.935364,0.093101,2
C6,2137.2223,71.877823,0.093204,2
C6,2137.7223,71.774338,0.093109,2
C6,2138.2223,71.869804,0.092768,1
C6,2138.7223,72.213898,0.092879,1
C6,2139.2223,72.101387,0.093557,1
C6,2139.7223,71.418282,0.094755,1
C6,2140.2223,70.209824,0.096603,1
C6,2140.7223,68.344864,0.09743,2
C6,2141.2223,67.511185,0.096979,2
C6,2141.7223,67.966263,0.094855,2
C6,2142.2223,70.107994,0.090643,1
C6,2142.7223,74.357468,0.08579,1
C6,2143.2223,79.252838,0.080138,1
C6,2143.7223,84.955345,0.074855,0
C6,2144.2223,90.285103,0.070033,0
C6,2144.7223,95.149048,0.066388,0
C6,2145.2223,98.826279,0.064213,0
C6,2145.7223,101.02052,0.062996,0
C6,2146.2223,102.24824,0.062977,0
C6,2146.7223,102.26815,0.063774,0
C6,2147.2223,101.46426,0.065591,0
C6,2147.7223,99.630905,0.067634,0
C6,2148.2223,97.569023,0.069961,0
C6,2148.7223,95.221573,0.071941,0
C6,2149.2223,93.224792,0.073486,0
C6,2149.7223,91.666229,0.074876,0
C6,2150.2223,90.264069,0.076072,0
C6,2150.7223,89.057358,0.076852,0
C6,2151.2223,88.270447,0.077112,0
C6,2151.7223,88.008163,0.077062,0
C6,2152.2223,88.058716,0.076624,0
C6,2152.7223,88.500206,0.075409,0
C6,2153.2223,89.726326,0.073221,0
C6,2153.7223,91.932968,0.070905,0
C6,2154.2223,94.269928,0.068427,0
C6,2154.7223,96.769737,0.066441,0
C6,2155.2223,98.773346,0.06507,0
C6,2155.7223,100.15686,0.064345,0
C6,2156.2223,100.8876,0.064429,0
C6,2156.7223,100.80258,0.064747,0
C6,2157.2223,100.48159,0.065358,0
C6,2157.7223,99.86573,0.065569,0
C6,2158.2223,99.652451,0.065282,0
C6,2158.7223,99.942253,0.064849,0
C6,2159.2223,100.37913,0.064234,0
C6,2159.7223,100.99982,0.063949,0
C6,2160.2223,101.28735,0.064076,0
C6,2160.7223,101.15858,0.064561,0
C6,2161.2223,100.66913,0.065493,0
C6,2161.7223,99.728951,0.066542,0
C6,2162.2223,98.671188,0.067736,0
C6,2162.7223,97.466476,0.068756,0
C6,2163.2223,96.438316,0.069556,0
C6,2163.7223,95.630768,0.070478,0
C6,2164.2223,94.700661,0.071552,0
C6,2164.7223,93.617409,0.072581,0
C6,2165.2223,92.579163,0.073554,0
C6,2165.7223,91.597145,0.074257,0
C6,2166.2223,90.888435,0.074621,0
C6,2166.7223,90.521263,0.074611,0
C6,2167.2223,90.530937,0.074135,0
C6,2167.7223,91.011536,0.073425,0
C6,2168.2223,91.727089,0.072425,0
C6,2168.7223,92.736252,0.071991,0
C6,2169.2223,93.174217,0.072264,0
C6,2169.7223,92.898384,0.073188,0
C6,2170.2223,91.96627,0.074925,0
C6,2170.7223,90.214027,0.077609,0
C6,2171.2223,87.506424,0.081477,0
C6,2171.7223,83.604942,0.084955,0
C6,2172.2223,80.096092,0.087946,0
C6,2172.7223,77.077904,0.090398,1
C6,2173.2223,74.604813,0.092174,1
C6,2173.7223,72.812912,0.093837,1
C6,2174.2223,71.135849,0.095357,1
C6,2174.7223,69.602295,0.097583,1
C6,2175.2223,67.356415,0.100691,1
C6,2175.7223,64.220383,0.104773,1
C6,2176.2223,60.10202,0.110072,1
C6,2176.7223,54.756077,0.114826,1
C6,2177.2223,49.960358,0.118899,3
C6,2177.7223,45.852234,0.121703,3
C6,2178.2223,43.023239,0.122923,2
C6,2178.7223,41.792725,0.121953,2
C6,2179.2223,42.77084,0.118247,2
C6,2179.7223,46.508984,0.113365,2
C6,2180.2223,51.434776,0.107011,2
C6,2180.7223,57.844727,0.101018,2
C6,2181.2223,63.891125,0.095474,2
C6,2181.7223,69.483208,0.0914,2
C6,2182.2223,73.593246,0.089162,1
C6,2182.7223,75.851219,0.088725,1
C6,2183.2223,76.292412,0.090538,3
C6,2183.7223,74.463249,0.093509,3
C6,2184.2223,71.466148,0.097927,2
C6,2184.7223,67.009506,0.102341,2
C6,2185.2223,62.556915,0.106749,2
C6,2185.7223,58.109386,0.109652,2
C6,2186.2223,55.180424,0.110674,2
C6,2186.7223,54.149155,0.109995,2
C6,2187.2223,54.834747,0.107189,2
C6,2187.7223,57.665829,0.104368,2
C6,2188.2223,60.51181,0.101528,2
C6,2188.7223,63.376408,0.099919,2
C6,2189.2223,64.999947,0.099847,2
C6,2189.7223,65.072586,0.100125,2
C6,2190.2223,64.791634,0.100842,1
C6,2190.7223,64.068802,0.100916,1
C6,2191.2223,63.994438,0.100186,1
C6,2191.7223,64.730438,0.099123,1
C6,2192.2223,65.802551,0.097644,0
C6,2192.7223,67.294678,0.096829,0
C6,2193.2223,68.116409,0.096845,0
C6,2193.7223,68.100372,0.097488,1
C6,2194.2223,67.451485,0.098915,1
C6,2194.7223,66.011765,0.100217,1
C6,2195.2223,64.698517,0.101363,1
C6,2195.7223,63.543324,0.101999,1
C6,2196.2223,62.901108,0.102,1
C6,2196.7223,62.899944,0.101549,1
C6,2197.2223,63.354824,0.100533,1
C6,2197.7223,64.379608,0.099393,1
C6,2198.2223,65.530022,0.098097,1
C6,2198.7223,66.837402,0.096708,1
C6,2199.2223,68.239021,0.095202,1
C6,2199.7223,69.758392,0.09361,1
C6,2200.2223,71.364471,0.09191,1
C6,2200.7223,73.078896,0.090269,1
C6,2201.2223,74.734184,0.088702,0
C6,2201.7223,76.315559,0.088083,0
C6,2202.2223,76.940353,0.088649,2
C6,2202.7223,76.369759,0.090691,2
C6,2203.2223,74.309052,0.09458,2
C6,2203.7223,70.3862,0.098653,2
C6,2204.2223,66.277672,0.102955,2
C6,2204.7223,61.937119,0.106252,2
C6,2205.2223,58.610554,0.108293,2
C6,2205.7223,56.551121,0.109244,2
C6,2206.2223,55.591995,0.108832,2
C6,2206.7223,56.007874,0.108921,0
C6,2207.2223,55.917969,0.109637,0
C6,2207.7223,55.196007,0.110826,0
C6,2208.2223,53.996162,0.112607,0
C6,2208.7223,52.199123,0.113685,0
C6,2209.2223,51.112122,0.113883,0
C6,2209.7223,50.91243,0.113254,0
C6,2210.2223,51.547359,0.11159,0
C6,2210.7223,53.225281,0.109823,2
C6,2211.2223,55.00758,0.107927,2
C6,2211.7223,56.920315,0.10627,2
C6,2212.2223,58.592258,0.104911,2
C6,2212.7223,59.963306,0.103209,2
C6,2213.2223,61.680435,0.101078,2
C6,2213.7223,63.830051,0.099008,2
C6,2214.2223,65.919334,0.097011,2
C6,2214.7223,67.93322,0.095262,2
C6,2215.2223,69.697334,0.093823,2
C6,2215.7223,71.149307,0.091986,2
C6,2216.2223,73.003326,0.08965,3
C6,2216.7223,75.359764,0.085823,3
C6,2217.2223,79.22052,0.080132,0
C6,2217.7223,84.961151,0.073699,0
C6,2218.2223,91.451401,0.066337,0
C6,2218.7223,98.878426,0.060147,0
C6,2219.2223,105.12266,0.055422,0
C6,2219.7223,109.88879,0.052782,0
C6,2220.2223,112.55255,0.052746,0
C6,2220.7223,112.58906,0.05378,0
C6,2221.2223,111.54571,0.056152,0
C6,2221.7223,109.15291,0.05798,0
C6,2222.2223,107.30898,0.059128,0
C6,2222.7223,106.15094,0.059225,0
C6,2223.2223,106.05331,0.058008,0
C6,2223.7223,107.28083,0.056436,0
C6,2224.2223,108.86644,0.054421,0
C6,2224.7223,110.89954,0.052815,0
C6,2225.2223,112.51906,0.051722,0
C6,2225.7223,113.62177,0.051,0
C6,2226.2223,114.35077,0.05074,0
C6,2226.7223,114.61279,0.05019,0
C6,2227.2223,115.05375,0.049276,0
C6,2227.7223,115.71834,0.060512,0
C6,2228.2223,116.89035,0.086929,0
C6,2228.7223,118.69644,0.089919,0
C6,2229.2223,120.72118,0.063634,0
C6,2229.7223,123.01914,0.043913,0
C6,2230.2223,124.69582,0.032394,0
C6,2230.7223,125.59612,0.02864,0
C6,2231.2223,125.47694,0.034587,0
C6,2231.7223,124.08378,0.035253,0
C6,2232.2223,122.36955,0.029321,0
C6,2232.7223,120.25409,0.036149,0
C6,2233.2223,118.35969,0.058923,0
C6,2233.7223,116.74152,0.06199,0
C6,2234.2223,115.83479,0.04043,0
C6,2234.7223,115.81711,0.018899,0
C6,2235.2223,116.15085,0,0
C6,2235.7223,116.92375,0,0
C6,2236.2223,118.24241,0.020222,0
C6,2236.7223,120.24307,0.030933,0
C6,2237.2223,122.8027,0.024955,0
C6,2237.7223,126.06088,0.02397,0
C6,2238.2223,129.03606,0.029222,0
C6,2238.7223,131.65756,0.026406,0
C6,2239.2223,133.46577,0.013505,0
C6,2239.7223,134.25761,0.020367,0
C6,2240.2223,133.66222,0.051925,0
C6,2240.7223,131.33325,0.069403,0
C6,2241.2223,128.37802,0.069286,0
C6,2241.7223,124.64017,0.070789,0
C6,2242.2223,121.10003,0.074318,0
C6,2242.7223,117.80697,0.071112,0
C6,2243.2223,115.16003,0.05949,0
C6,2243.7223,113.32055,0.052839,0
C6,2244.2223,112.49583,0.052399,0
C6,2244.7223,112.93923,0.044624,0
C6,2245.2223,113.98186,0.027682,0
C6,2245.7223,115.77331,0.02929,0
C6,2246.2223,117.91155,0.054079,0
C6,2246.7223,120.48314,0.067702,0
C6,2247.2223,122.49199,0.067372,0
C6,2247.7223,123.79761,0.071841,0
C6,2248.2223,123.80237,0.08231,0
C6,2248.7223,122.18148,0.081335,0
C6,2249.2223,120.19743,0.066061,0
C6,2249.7223,117.75956,0.05604,0
C6,2250.2223,116.02413,0.052584,0
C6,2250.7223,115.16651,0.054157,0
C6,2251.2223,115.34071,0.062015,0
C6,2251.7223,116.80432,0.057114,0
C6,2252.2223,118.00499,0.036268,0
C6,2252.7223,118.87706,0.028987,0
C6,2253.2223,118.63581,0.038655,0
C6,2253.7223,117.00329,0.046213,0
C6,2254.2223,115.06566,0.051134,0
C6,2254.7223,112.74675,0.054285,0
C6,2255.2223,111.03678,0.055226,0
C6,2255.7223,110.08779,0.055046,0
C6,2256.2223,110.26901,0.053466,0
C6,2256.7223,111.86261,0.051104,0
C6,2257.2223,113.94184,0.047762,0
C6,2257.7223,116.62793,0.048822,0
C6,2258.2223,119.14828,0.055381,0
C6,2258.7223,121.46152,0.050402,0
C6,2259.2223,122.80839,0.031004,0
C6,2259.7223,122.94763,0.03597,0
C6,2260.2223,122.27391,0.071382,0
C6,2260.7223,120.58427,0.078368,0
C6,2261.2223,118.75705,0.049831,0
C6,2261.7223,116.75792,0.037596,0
C6,2262.2223,115.52723,0.045732,0
C6,2262.7223,115.25684,0.056868,0
C6,2263.2223,116.04044,0.071754,0
C6,2263.7223,118.14116,0.066119,0
C6,2264.2223,120.40038,0.034839,0
C6,2264.7223,122.85767,0.022037,0
C6,2265.2223,123.84957,0.032324,0
C6,2265.7223,123.01021,0.042453,0
C6,2266.2223,119.17504,0.052386,0
C6,2266.7223,111.59611,0.063209,0
C6,2267.2223,102.03387,0.075144,0
C6,2267.7223,89.993179,0.086413,0
C6,2268.2223,78.625145,0.096848,0
C6,2268.7223,68.097702,0.104733,3
C6,2269.2223,60.143597,0.109429,3
C6,2269.7223,55.405289,0.112348,2
C6,2270.2223,52.460106,0.113047,2
C6,2270.7223,51.755722,0.113854,2
C6,2271.2223,50.941757,0.114796,2
C6,2271.7223,49.99086,0.116303,2
C6,2272.2223,48.471073,0.118514,2
C6,2272.7223,46.240372,0.120358,2
C6,2273.2223,44.379654,0.121744,2
C6,2273.7223,42.981285,0.122048,2
C6,2274.2223,42.675041,0.120999,2
C6,2274.7223,43.733582,0.11952,2
C6,2275.2223,45.225197,0.117505,2
C6,2275.7223,47.258015,0.116154,2
C6,2276.2223,48.621109,0.115633,2
C6,2276.7223,49.147278,0.115706,2
C6,2277.2223,49.073467,0.116522,2
C6,2277.7223,48.249882,0.117312,2
C6,2278.2223,47.452869,0.118069,1
C6,2278.7223,46.689064,0.118691,1
C6,2279.2223,46.062309,0.119142,2
C6,2279.7223,45.606823,0.119998,2
C6,2280.2223,44.743252,0.12136,1
C6,2280.7223,43.369717,0.123062,2
C6,2281.2223,41.652302,0.12519,2
C6,2281.7223,39.505157,0.126855,2
C6,2282.2223,37.825871,0.12794,2
C6,2282.7223,36.731251,0.128022,2
C6,2283.2223,36.648369,0.126851,2
C6,2283.7223,37.829811,0.125082,2
C6,2284.2223,39.614449,0.122566,2
C6,2284.7223,42.152878,0.120114,2
C6,2285.2223,44.626736,0.117742,2
C6,2285.7223,47.019901,0.115912,2
C6,2286.2223,48.865715,0.11476,2
C6,2286.7223,50.027534,0.114127,2
C6,2287.2223,50.666176,0.114142,2
C6,2287.7223,50.651024,0.11446,2
C6,2288.2223,50.330002,0.115157,2
C6,2288.7223,49.626755,0.116187,2
C6,2289.2223,48.587719,0.117633,2
C6,2289.7223,47.129055,0.11903,2
C6,2290.2223,45.719658,0.120366,2
C6,2290.7223,44.371822,0.121484,2
C6,2291.2223,43.244232,0.122329,2
C6,2291.7223,42.391876,0.122549,2
C6,2292.2223,42.169296,0.12199,2
C6,2292.7223,42.733719,0.121309,2
C6,2293.2223,43.42091,0.120476,2
C6,2293.7223,44.26152,0.119914,2
C6,2294.2223,44.828678,0.11969,2
C6,2294.7223,45.054111,0.11995,2
C6,2295.2223,44.791992,0.120813,2
C6,2295.7223,43.920609,0.121667,2
C6,2296.2223,43.059143,0.122509,2
C6,2296.7223,42.210079,0.122983,2
C6,2297.2223,41.731686,0.122998,2
C6,2297.7223,41.716499,0.122484,2
C6,2298.2223,42.23597,0.121306,2
C6,2298.7223,43.423576,0.119442,2
C6,2299.2223,45.304241,0.116719,2
C6,2299.7223,48.050987,0.112976,2
C6,2300.2223,51.827713,0.107956,2
C6,2300.7223,56.891556,0.102889,2
C6,2301.2223,62.003883,0.097761,2
C6,2301.7223,67.176804,0.094009,2
C6,2302.2223,70.961327,0.091977,0
C6,2302.7223,73.010811,0.09195,0
C6,2303.2223,73.03875,0.094426,0
C6,2303.7223,70.540451,0.09687,0
C6,2304.2223,68.07534,0.099272,0
C6,2304.7223,65.651711,0.100028,0
C6,2305.2223,64.889954,0.098724,0
C6,2305.7223,66.204971,0.096157,0
C6,2306.2223,68.794785,0.092011,0
C6,2306.7223,72.977646,0.087658,0
C6,2307.2223,77.369446,0.083045,0
C6,2307.7223,82.022346,0.079503,0
C6,2308.2223,85.595955,0.077298,0
C6,2308.7223,87.820808,0.076043,0
C6,2309.2223,89.087128,0.075975,0
C6,2309.7223,89.155586,0.07774,0
C6,2310.2223,87.374466,0.081797,0
C6,2310.7223,83.282013,0.086317,3
C6,2311.2223,78.721169,0.091418,3
C6,2311.7223,73.574997,0.095241,3
C6,2312.2223,69.718971,0.097465,3
C6,2312.7223,67.475189,0.097444,3
C6,2313.2223,67.496582,0.094617,3
C6,2313.7223,70.348671,0.090447,3
C6,2314.2223,74.555344,0.084599,3
C6,2314.7223,80.454788,0.080036,3
C6,2315.2223,85.058075,0.077079,0
C6,2315.7223,88.041618,0.075295,0
C6,2316.2223,89.840759,0.074979,0
C6,2316.7223,90.159805,0.076169,0
C6,2317.2223,88.959305,0.079241,0
C6,2317.7223,85.859901,0.082117,0
C6,2318.2223,82.958572,0.084748,0
C6,2318.7223,80.304756,0.088026,0
C6,2319.2223,76.997108,0.092115,1
C6,2319.7223,72.872375,0.095998,1
C6,2320.2223,68.954659,0.099625,1
C6,2320.7223,65.295639,0.102618,1
C6,2321.2223,62.276722,0.104817,1
C6,2321.7223,60.057732,0.106102,1
C6,2322.2223,58.762051,0.106243,1
C6,2322.7223,58.620197,0.105449,1
C6,2323.2223,59.421257,0.103487,2
C6,2323.7223,61.400639,0.102006,2
C6,2324.2223,62.894535,0.101127,1
C6,2324.7223,63.781746,0.100166,1
C6,2325.2223,64.750916,0.099103,1
C6,2325.7223,65.822502,0.098319,1
C6,2326.2223,66.613106,0.097884,1
C6,2326.7223,67.052574,0.097354,1
C6,2327.2223,67.587517,0.096705,1
C6,2327.7223,68.241768,0.09646,2
C6,2328.2223,68.489128,0.096719,1
C6,2328.7223,68.22802,0.096925,1
C6,2329.2223,68.020485,0.097064,1
C6,2329.7223,67.87989,0.096942,1
C6,2330.2223,68.002586,0.096495,1
C6,2330.7223,68.454308,0.095862,0
C6,2331.2223,69.092781,0.094997,0
C6,2331.7223,69.964645,0.094791,0
C6,2332.2223,70.172386,0.095408,1
C6,2332.7223,69.550209,0.095418,1
C6,2333.2223,69.540436,0.094669,1
C6,2333.7223,70.295959,0.093897,1
C6,2334.2223,71.074829,0.093096,1
C6,2334.7223,71.882866,0.091888,1
C6,2335.2223,73.101814,0.090171,1
C6,2335.7223,74.834267,0.090083,1
C6,2336.2223,74.922707,0.092032,1
C6,2336.7223,72.956703,0.09321,1
C6,2337.2223,71.767349,0.093427,1
C6,2337.7223,71.548553,0.093081,1
C6,2338.2223,71.898018,0.092031,1
C6,2338.7223,72.957603,0.090422,1
C6,2339.2223,74.580704,0.088115,1
C6,2339.7223,76.907997,0.086741,0
C6,2340.2223,78.293793,0.086534,0
C6,2340.7223,78.503029,0.086547,0
C6,2341.2223,78.489799,0.086836,3
C6,2341.7223,78.19854,0.087156,3
C6,2342.2223,77.874939,0.087517,3
C6,2342.7223,77.51091,0.088579,3
C6,2343.2223,76.440094,0.090516,3
C6,2343.7223,74.486038,0.093464,2
C6,2344.2223,71.511658,0.097676,2
C6,2344.7223,67.262222,0.101732,2
C6,2345.2223,63.170265,0.105593,2
C6,2345.7223,59.275108,0.108196,2
C6,2346.2223,56.649391,0.109227,2
C6,2346.7223,55.610039,0.109679,2
C6,2347.2223,55.153973,0.109408,2
C6,2347.7223,55.426811,0.108342,2
C6,2348.2223,56.502182,0.106282,2
C6,2348.7223,58.580441,0.104649,2
C6,2349.2223,60.228416,0.103548,2
C6,2349.7223,61.33868,0.101189,2
C6,2350.2223,63.718346,0.097258,2
C6,2350.7223,67.684334,0.093749,2
C6,2351.2223,71.223724,0.090769,0
C6,2351.7223,74.230011,0.087781,0
C6,2352.2223,77.245026,0.084781,0
C6,2352.7223,80.270927,0.083837,0
C6,2353.2223,81.223839,0.08546,0
C6,2353.7223,79.58622,0.087604,0
C6,2354.2223,77.423248,0.090399,1
C6,2354.7223,74.603752,0.093159,1
C6,2355.2223,71.818855,0.095877,1
C6,2355.7223,69.077187,0.096818,1
C6,2356.2223,68.127975,0.095539,1
C6,2356.7223,69.418732,0.093679,1
C6,2357.2223,71.294762,0.091095,1
C6,2357.7223,73.902176,0.088044,1
C6,2358.2223,76.979332,0.084412,1
C6,2358.7223,80.643494,0.081947,1
C6,2359.2223,83.129959,0.080942,0
C6,2359.7223,84.144707,0.081166,0
C6,2360.2223,83.91803,0.082929,0
C6,2360.7223,82.140015,0.085222,0
C6,2361.2223,79.826378,0.088179,1
C6,2361.7223,76.843399,0.090927,1
C6,2362.2223,74.071083,0.093414,1
C6,2362.7223,71.562019,0.094658,1
C6,2363.2223,70.30706,0.094349,1
C6,2363.7223,70.619293,0.093787,1
C6,2364.2223,71.185715,0.092911,1
C6,2364.7223,72.069763,0.092005,1
C6,2365.2223,72.982933,0.091064,0
C6,2365.7223,73.93248,0.089963,1
C6,2366.2223,75.043388,0.088662,1
C6,2366.7223,76.355942,0.087928,1
C6,2367.2223,77.096413,0.087903,1
C6,2367.7223,77.121964,0.087239,1
C6,2368.2223,77.792114,0.085776,1
C6,2368.7223,79.267807,0.085147,1
C6,2369.2223,79.901596,0.085562,0
C6,2369.7223,79.483299,0.086457,0
C6,2370.2223,78.580376,0.087952,0
C6,2370.7223,77.071831,0.091086,2
C6,2371.2223,73.910667,0.096266,2
C6,2371.7223,68.684296,0.10099,2
C6,2372.2223,63.919155,0.105142,2
C6,2372.7223,59.730396,0.107154,2
C6,2373.2223,57.700005,0.106493,2
C6,2373.7223,58.366837,0.104146,2
C6,2374.2223,60.734554,0.099693,2
C6,2374.7223,65.227791,0.095063,2
C6,2375.2223,69.898842,0.090212,2
C6,2375.7223,74.792091,0.087386,2
C6,2376.2223,77.643509,0.087088,3
C6,2376.7223,77.943329,0.0868,3
C6,2377.2223,78.233681,0.086524,3
C6,2377.7223,78.512199,0.085853,3
C6,2378.2223,79.189079,0.084689,3
C6,2378.7223,80.363785,0.082108,3
C6,2379.2223,82.967064,0.077758,0
C6,2379.7223,87.355591,0.074432,0
C6,2380.2223,90.711243,0.072386,0
C6,2380.7223,92.776146,0.072396,0
C6,2381.2223,92.766457,0.074975,0
C6,2381.7223,90.16423,0.077925,0
C6,2382.2223,87.187996,0.081338,0
C6,2382.7223,83.744385,0.084164,1
C6,2383.2223,80.893654,0.086255,1
C6,2383.7223,78.783836,0.086876,1
C6,2384.2223,78.1576,0.085659,1
C6,2384.7223,79.385338,0.084983,0
C6,2385.2223,80.067177,0.084984,0
C6,2385.7223,80.066833,0.085611,1
C6,2386.2223,79.434113,0.087021,1
C6,2386.7223,78.011139,0.088019,1
C6,2387.2223,77.004768,0.088501,1
C6,2387.7223,76.518997,0.088225,1
C6,2388.2223,76.797195,0.087003,1
C6,2388.7223,78.030075,0.08522,1
C6,2389.2223,79.828667,0.082737,0
C6,2389.7223,82.334206,0.08078,0
C6,2390.2223,84.307526,0.079483,0
C6,2390.7223,85.615768,0.079176,0
C6,2391.2223,85.92588,0.080105,0
C6,2391.7223,84.988678,0.081535,0
C6,2392.2223,83.546158,0.083591,0
C6,2392.7223,81.47216,0.086309,0
C6,2393.2223,78.729698,0.089856,2
C6,2393.7223,75.151886,0.093447,2
C6,2394.2223,71.52935,0.097093,2
C6,2394.7223,67.850914,0.100602,2
C6,2395.2223,64.310486,0.103941,2
C6,2395.7223,60.942532,0.105994,2
C6,2396.2223,58.870804,0.106442,2
C6,2396.7223,58.418919,0.105979,2
C6,2397.2223,58.886063,0.104378,2
C6,2397.7223,60.501686,0.101211,2
C6,2398.2223,63.695919,0.096089,2
C6,2398.7223,68.862877,0.090108,0
C6,2399.2223,74.896431,0.083054,0
C6,2399.7223,82.012947,0.075482,0
C6,2400.2223,89.652153,0.067263,0
C6,2400.7223,97.944534,0.072324,0
C6,2401.2223,105.66036,0.093983,0
C6,2401.7223,112.65566,0.093549,0
C6,2402.2223,116.76794,0.065507,0
C6,2402.7223,117.2774,0.050926,0
C6,2403.2223,116.08255,0.053166,0
C6,2403.7223,112.75788,0.057243,0
C6,2404.2223,108.05284,0.063617,0
C6,2404.7223,101.62279,0.068614,0
C6,2405.2223,96.581268,0.071891,0
C6,2405.7223,93.274933,0.075258,0
C6,2406.2223,89.878632,0.078736,0
C6,2406.7223,86.369911,0.081842,0
C6,2407.2223,83.23687,0.084482,1
C6,2407.7223,80.57328,0.087295,3
C6,2408.2223,77.734917,0.090325,3
C6,2408.7223,74.678139,0.092649,3
C6,2409.2223,72.333572,0.094091,3
C6,2409.7223,70.879028,0.096474,3
C6,2410.2223,68.474709,0.100034,2
C6,2410.7223,64.883476,0.104232,2
C6,2411.2223,60.649101,0.109225,2
C6,2411.7223,55.611015,0.113808,2
C6,2412.2223,50.987896,0.117877,2
C6,2412.7223,46.883339,0.119899,2
C6,2413.2223,44.843113,0.119364,2
C6,2413.7223,45.382599,0.117377,2
C6,2414.2223,47.387371,0.113575,2
C6,2414.7223,51.223251,0.109726,2
C6,2415.2223,55.10619,0.105819,2
C6,2415.7223,59.047932,0.102311,2
C6,2416.2223,62.585979,0.099304,1
C6,2416.7223,65.619545,0.096136,1
C6,2417.2223,68.815704,0.092767,1
C6,2417.7223,72.215057,0.08943,1
C6,2418.2223,75.581245,0.086135,1
C6,2418.7223,78.905983,0.083508,1
C6,2419.2223,81.555435,0.081718,1
C6,2419.7223,83.361008,0.081574,0
C6,2420.2223,83.506615,0.083486,0
C6,2420.7223,81.577835,0.085418,1
C6,2421.2223,79.62854,0.087376,1
C6,2421.7223,77.653625,0.089023,1
C6,2422.2223,75.991806,0.090282,1
C6,2422.7223,74.721268,0.089812,0
C6,2423.2223,75.19635,0.087179,1
C6,2423.7223,77.852859,0.085056,1
C6,2424.2223,79.994469,0.08357,1
C6,2424.7223,81.492615,0.081508,0
C6,2425.2223,83.573189,0.078724,0
C6,2425.7223,86.381615,0.076868,1
C6,2426.2223,88.254753,0.076169,0
C6,2426.7223,88.959114,0.075232,0
C6,2427.2223,89.903893,0.073998,0
C6,2427.7223,91.149117,0.074037,0
C6,2428.2223,91.110168,0.075666,1
C6,2428.7223,89.466461,0.077138,0
C6,2429.2223,87.981323,0.078414,0
C6,2429.7223,86.694366,0.079516,0
C6,2430.2223,85.58252,0.080401,0
C6,2430.7223,84.689522,0.080655,0
C6,2431.2223,84.433449,0.08012,0
C6,2431.7223,84.973335,0.080466,0
C6,2432.2223,84.624458,0.081912,0
C6,2432.7223,83.164925,0.083756,3
C6,2433.2223,81.304611,0.086097,3
C6,2433.7223,78.943459,0.087947,3
C6,2434.2223,77.076721,0.089185,3
C6,2434.7223,75.827827,0.088045,3
C6,2435.2223,76.978333,0.083932,3
C6,2435.7223,81.127266,0.079089,0
C6,2436.2223,86.013092,0.073333,0
C6,2436.7223,91.819763,0.068467,0
C6,2437.2223,96.729385,0.064711,0
C6,2437.7223,100.51799,0.063854,0
C6,2438.2223,101.38311,0.066618,0
C6,2438.7223,98.594872,0.070202,0
C6,2439.2223,94.979408,0.07481,0
C6,2439.7223,90.330193,0.07878,0
C6,2440.2223,86.324898,0.081953,0
C6,2440.7223,83.124283,0.08302,1
C6,2441.2223,82.047569,0.081457,1
C6,2441.7223,83.625015,0.079463,1
C6,2442.2223,85.636108,0.076933,0
C6,2442.7223,88.189125,0.074835,0
C6,2443.2223,90.305023,0.073279,0
C6,2443.7223,91.874672,0.073614,0
C6,2444.2223,91.537056,0.076311,0
C6,2444.7223,88.816025,0.079986,0
C6,2445.2223,85.108521,0.084883,0
C6,2445.7223,80.168251,0.09,1
C6,2446.2223,75.006363,0.095391,1
C6,2446.7223,69.567505,0.099796,1
C6,2447.2223,65.12394,0.102967,1
C6,2447.7223,61.924152,0.105065,1
C6,2448.2223,59.807556,0.105822,1
C6,2448.7223,59.044586,0.106516,1
C6,2449.2223,58.344444,0.107132,0
C6,2449.7223,57.722832,0.107408,1
C6,2450.2223,57.443893,0.10726,1
C6,2450.7223,57.593185,0.107108,1
C6,2451.2223,57.747131,0.10695,0
C6,2451.7223,57.906895,0.104819,1
C6,2452.2223,60.056988,0.100222,1
C6,2452.7223,64.694321,0.095426,1
C6,2453.2223,69.532188,0.090382,1
C6,2453.7223,74.620667,0.085618,1
C6,2454.2223,79.426422,0.081205,0
C6,2454.7223,83.87886,0.079564,0
C6,2455.2223,85.533607,0.08139,0
C6,2455.7223,83.692207,0.083936,0
C6,2456.2223,81.123863,0.087383,1
C6,2456.7223,77.647095,0.090181,1
C6,2457.2223,74.824219,0.092169,1
C6,2457.7223,72.818497,0.093613,1
C6,2458.2223,71.361717,0.094377,1
C6,2458.7223,70.59095,0.095401,0
C6,2459.2223,69.557198,0.096752,0
C6,2459.7223,68.194801,0.098699,1
C6,2460.2223,66.230324,0.101392,1
C6,2460.7223,63.513439,0.102545,1
C6,2461.2223,62.349953,0.101774,0
C6,2461.7223,63.127674,0.100202,1
C6,2462.2223,64.713905,0.097629,1
C6,2462.7223,67.310486,0.095636,1
C6,2463.2223,69.321068,0.094368,0
C6,2463.7223,70.599335,0.094267,1
C6,2464.2223,70.701019,0.095624,1
C6,2464.7223,69.332375,0.09702,1
C6,2465.2223,67.924065,0.098465,1
C6,2465.7223,66.466194,0.098767,1
C6,2466.2223,66.161713,0.09764,1
C6,2466.7223,67.298561,0.095685,1
C6,2467.2223,69.271034,0.092695,1
C6,2467.7223,72.287743,0.089148,1
C6,2468.2223,75.866379,0.084904,1
C6,2468.7223,80.147209,0.081685,0
C6,2469.2223,83.394333,0.079747,0
C6,2469.7223,85.349678,0.079408,0
C6,2470.2223,85.691147,0.081069,0
C6,2470.7223,84.015839,0.084163,0
C6,2471.2223,80.894783,0.089048,
C6,2471.7223,75.967026,,
C7,1772.0419,,0.201104,1
C7,1772.5419,93.545303,0.197718,1
C7,1773.0419,96.345703,0.195978,1
C7,1773.5419,97.604713,0.195413,1
C7,1774.0419,97.559708,0.196061,1
C7,1774.5419,96.379929,0.197573,1
C7,1775.0419,93.891891,0.200614,1
C7,1775.5419,89.971893,0.204747,1
C7,1776.0419,86.522713,0.206927,1
C7,1776.5419,84.900993,0.207715,1
C7,1777.0419,84.726875,0.207246,1
C7,1777.5419,85.729553,0.20588,1
C7,1778.0419,87.615021,0.203795,2
C7,1778.5419,90.173653,0.201197,2
C7,1779.0419,92.570763,0.199408,1
C7,1779.5419,94.21125,0.198195,1
C7,1780.0419,94.005196,0.199785,1
C7,1780.5419,91.175507,0.203374,1
C7,1781.0419,86.75341,0.207879,1
C7,1781.5419,81.474136,0.213037,1
C7,1782.0419,76.87265,0.2163,1
C7,1782.5419,74.043343,0.218214,2
C7,1783.0419,73.714996,0.216901,2
C7,1783.5419,76.407196,0.213287,2
C7,1784.0419,81.629578,0.207343,2
C7,1784.5419,89.032501,0.199738,1
C7,1785.0419,96.08268,0.19444,1
C7,1785.5419,100.97389,0.190786,1
C7,1786.0419,103.42279,0.189957,1
C7,1786.5419,103.22738,0.191143,1
C7,1787.0419,100.12177,0.195641,2
C7,1787.5419,93.916428,0.202501,2
C7,1788.0419,86.779655,0.208704,2
C7,1788.5419,80.257439,0.214438,1
C7,1789.0419,75.329971,0.217722,0
C7,1789.5419,72.696136,0.219259,0
C7,1790.0419,72.598274,0.217901,0
C7,1790.5419,75.209183,0.21448,1
C7,1791.0419,78.765678,0.211392,1
C7,1791.5419,82.010651,0.208541,1
C7,1792.0419,84.082809,0.207599,1
C7,1792.5419,84.368088,0.208019,1
C7,1793.0419,82.414513,0.211174,1
C7,1793.5419,77.899864,0.216281,2
C7,1794.0419,72.706413,0.22068,2
C7,1794.5419,68.17617,0.224573,2
C7,1795.0419,64.489418,0.227427,2
C7,1795.5419,61.774677,0.230969,2
C7,1796.0419,60.85759,0.230124,2
C7,1796.5419,62.326805,0.226852,0
C7,1797.0419,64.200233,0.225677,1
C7,1797.5419,65.064682,0.22527,1
C7,1798.0419,65.428055,0.225012,1
C7,1798.5419,65.652466,0.22486,2
C7,1799.0419,65.080589,0.226059,2
C7,1799.5419,63.243752,0.228222,2
C7,1800.0419,62.313755,0.227761,2
C7,1800.5419,63.839054,0.22543,2
C7,1801.0419,66.888214,0.22218,2
C7,1801.5419,70.797127,0.218275,2
C7,1802.0419,75.492012,0.213587,2
C7,1802.5419,80.92028,0.208341,2
C7,1803.0419,84.9729,0.20617,1
C7,1803.5419,86.146141,0.206193,1
C7,1804.0419,84.659042,0.208892,2
C7,1804.5419,80.667763,0.213499,2
C7,1805.0419,75.898476,0.217622,2
C7,1805.5419,71.581902,0.221399,2
C7,1806.0419,68.875443,0.222575,2
C7,1806.5419,68.604317,0.221895,2
C7,1807.0419,71.232643,0.217764,2
C7,1807.5419,77.091331,0.211172,1
C7,1808.0419,83.08287,0.206798,1
C7,1808.5419,86.998779,0.204005,1
C7,1809.0419,89.494514,0.202231,1
C7,1809.5419,91.037376,0.201182,2
C7,1810.0419,91.50502,0.201374,2
C7,1810.5419,90.810219,0.202453,2
C7,1811.0419,91.083916,0.200874,2
C7,1811.5419,93.845451,0.197399,2
C7,1812.0419,97.439606,0.194296,2
C7,1812.5419,100.68625,0.191457,2
C7,1813.0419,103.18019,0.189731,0
C7,1813.5419,104.63254,0.188799,0
C7,1814.0419,104.55701,0.18987,0
C7,1814.5419,102.60689,0.192368,0
C7,1815.0419,98.668625,0.197078,0
C7,1815.5419,92.661247,0.203363,0
C7,1816.0419,86.441528,0.208461,0
C7,1816.5419,81.333298,0.212712,1
C7,1817.0419,76.979591,0.216428,1
C7,1817.5419,73.125893,0.219764,1
C7,1818.0419,71.238007,0.219883,1
C7,1818.5419,72.361031,0.217709,2
C7,1819.0419,73.735313,0.217369,2
C7,1819.5419,73.393311,0.218336,2
C7,1820.0419,71.654121,0.220552,2
C7,1820.5419,68.745239,0.22366,1
C7,1821.0419,64.030067,0.249457,1
C7,1821.5419,57.054695,0.278178,1
C7,1822.0419,50.034615,0.277519,1
C7,1822.5419,44.549419,0.226114,1
C7,1823.0419,41.70853,0.221174,1
C7,1823.5419,42.302929,0.240366,1
C7,1824.0419,45.324394,0.250588,1
C7,1824.5419,50.05407,0.243521,2
C7,1825.0419,55.435352,0.231243,2
C7,1825.5419,60.714909,0.227058,1
C7,1826.0419,64.16227,0.225541,1
C7,1826.5419,64.543671,0.22636,1
C7,1827.0419,64.078651,0.226393,2
C7,1827.5419,64.34967,0.225864,2
C7,1828.0419,64.436432,0.226234,1
C7,1828.5419,63.682755,0.227243,1
C7,1829.0419,63.097107,0.227305,1
C7,1829.5419,63.398506,0.226692,2
C7,1830.0419,63.955521,0.226286,2
C7,1830.5419,64.317947,0.226028,1
C7,1831.0419,65.879372,0.223428,1
C7,1831.5419,69.633392,0.219158,1
C7,1832.0419,74.149399,0.215163,2
C7,1832.5419,78.407402,0.211365,2
C7,1833.0419,81.918938,0.208736,2
C7,1833.5419,84.335732,0.206941,1
C7,1834.0419,85.191261,0.20717,1
C7,1834.5419,84.152924,0.208841,1
C7,1835.0419,83.029205,0.209226,1
C7,1835.5419,83.10955,0.208694,1
C7,1836.0419,83.381653,0.208729,1
C7,1836.5419,83.123749,0.209167,0
C7,1837.0419,83.034225,0.208893,0
C7,1837.5419,83.611015,0.208111,0
C7,1838.0419,83.7976,0.208551,0
C7,1838.5419,82.840691,0.209862,0
C7,1839.0419,82.244179,0.209643,0
C7,1839.5419,83.080276,0.208332,0
C7,1840.0419,83.957916,0.208036,1
C7,1840.5419,83.885315,0.208464,1
C7,1841.0419,83.075478,0.209519,1
C7,1841.5419,81.680283,0.211019,3
C7,1842.0419,78.761475,0.214861,1
C7,1842.5419,73.650078,0.220374,1
C7,1843.0419,67.753975,0.225652,1
C7,1843.5419,62.076958,0.253087,3
C7,1844.0419,57.289227,0.250898,1
C7,1844.5419,53.868614,0.242506,1
C7,1845.0419,52.50716,0.25101,1
C7,1845.5419,53.698273,0.248665,1
C7,1846.0419,56.487003,0.239708,3
C7,1846.5419,60.19249,0.230472,1
C7,1847.0419,64.683235,0.223583,1
C7,1847.5419,69.865501,0.218578,1
C7,1848.0419,74.816208,0.214523,1
C7,1848.5419,78.877213,0.211145,1
C7,1849.0419,82.947372,0.207073,1
C7,1849.5419,87.667519,0.202506,1
C7,1850.0419,91.161911,0.200677,1
C7,1850.5419,92.093147,0.200801,1
C7,1851.0419,90.811554,0.203023,1
C7,1851.5419,87.566879,0.20674,2
C7,1852.0419,81.586456,0.213969,2
C7,1852.5419,72.319405,0.223701,2
C7,1853.0419,62.151173,0.210842,2
C7,1853.5419,52.782532,0.220709,2
C7,1854.0419,45.642735,0.240285,2
C7,1854.5419,41.750809,0.243862,2
C7,1855.0419,41.474316,0.254271,2
C7,1855.5419,45.075317,0.266586,2
C7,1856.0419,50.935143,0.251321,2
C7,1856.5419,57.899708,0.230778,2
C7,1857.0419,64.630928,0.223107,2
C7,1857.5419,70.174789,0.218487,1
C7,1858.0419,73.372581,0.217255,1
C7,1858.5419,73.398155,0.21844,1
C7,1859.0419,72.243675,0.219368,1
C7,1859.5419,71.329498,0.220113,1
C7,1860.0419,70.460197,0.220959,1
C7,1860.5419,69.496422,0.221877,1
C7,1861.0419,69.744972,0.220504,1
C7,1861.5419,72.137604,0.217498,1
C7,1862.0419,74.44352,0.216284,1
C7,1862.5419,75.072235,0.216347,1
C7,1863.0419,74.715759,0.216936,0
C7,1863.5419,73.86747,0.2179,0
C7,1864.0419,72.337784,0.219736,1
C7,1864.5419,69.991524,0.222194,1
C7,1865.0419,67.804588,0.223738,1
C7,1865.5419,66.472801,0.224631,1
C7,1866.0419,65.650314,0.225244,1
C7,1866.5419,65.090569,0.225656,1
C7,1867.0419,65.283531,0.224891,1
C7,1867.5419,66.57859,0.223286,1
C7,1868.0419,68.506317,0.221363,1
C7,1868.5419,70.732002,0.219212,2
C7,1869.0419,72.871384,0.217447,2
C7,1869.5419,74.65049,0.215957,2
C7,1870.0419,75.347862,0.216171,2
C7,1870.5419,74.449158,0.217601,2
C7,1871.0419,72.953812,0.218907,2
C7,1871.5419,71.574448,0.220126,2
C7,1872.0419,70.986214,0.219984,2
C7,1872.5419,71.670486,0.218873,2
C7,1873.0419,72.665565,0.218163,2
C7,1873.5419,73.28582,0.217738,1
C7,1874.0419,73.418861,0.217919,1
C7,1874.5419,72.984573,0.218532,2
C7,1875.0419,71.232124,0.221127,2
C7,1875.5419,67.626175,0.225133,2
C7,1876.0419,64.188194,0.227419,2
C7,1876.5419,62.359436,0.228479,2
C7,1877.0419,61.197098,0.229546,1
C7,1877.5419,60.028973,0.24309,1
C7,1878.0419,59.790714,0.238875,1
C7,1878.5419,61.149445,0.22813,1
C7,1879.0419,63.313068,0.226023,1
C7,1879.5419,65.71685,0.223732,1
C7,1880.0419,68.142006,0.221584,1
C7,1880.5419,70.432526,0.219539,1
C7,1881.0419,72.558052,0.217694,2
C7,1881.5419,74.496948,0.215991,2
C7,1882.0419,75.8116,0.20945,0
C7,1882.5419,76.189972,0.205298,2
C7,1883.0419,76.244949,0.205187,2
C7,1883.5419,76.413498,0.204989,0
C7,1884.0419,76.192429,0.205591,2
C7,1884.5419,75.222961,0.206764,2
C7,1885.0419,73.310303,0.209093,1
C7,1885.5419,70.315575,0.212245,1
C7,1886.0419,67.248299,0.214706,1
C7,1886.5419,64.828232,0.216674,1
C7,1887.0419,62.612705,0.21876,2
C7,1887.5419,60.286121,0.198938,2
C7,1888.0419,59.192039,0.205082,2
C7,1888.5419,60.288387,0.218926,2
C7,1889.0419,62.516254,0.216686,2
C7,1889.5419,65.120628,0.214159,1
C7,1890.0419,68.719437,0.210099,1
C7,1890.5419,73.75325,0.204946,1
C7,1891.0419,78.814896,0.200835,1
C7,1891.5419,82.901093,0.197468,1
C7,1892.0419,85.177589,0.196669,1
C7,1892.5419,85.049545,0.197702,1
C7,1893.0419,82.746002,0.200885,1
C7,1893.5419,78.430229,0.205601,1
C7,1894.0419,72.93679,0.210939,1
C7,1894.5419,66.860695,0.216721,1
C7,1895.0419,61.708622,0.220665,1
C7,1895.5419,58.554832,0.226006,1
C7,1896.0419,57.273773,0.211436,1
C7,1896.5419,57.775928,0.211598,1
C7,1897.0419,59.169277,0.21998,1
C7,1897.5419,60.817844,0.218557,1
C7,1898.0419,62.425259,0.217221,1
C7,1898.5419,63.780205,0.216077,1
C7,1899.0419,64.221542,0.216413,1
C7,1899.5419,63.277882,0.217804,1
C7,1900.0419,62.883652,0.217135,2
C7,1900.5419,64.418053,0.214996,2
C7,1901.0419,67.517273,0.211463,2
C7,1901.5419,71.921921,0.206935,2
C7,1902.0419,77.255318,0.201701,2
C7,1902.5419,83.248894,0.195965,0
C7,1903.0419,88.079475,0.19286,0
C7,1903.5419,90.447159,0.191632,0
C7,1904.0419,90.323677,0.193086,0
C7,1904.5419,87.688889,0.196454,2
C7,1905.0419,84.184555,0.199501,2
C7,1905.5419,80.981209,0.202317,1
C7,1906.0419,77.20414,0.206413,1
C7,1906.5419,72.229713,0.211422,1
C7,1907.0419,66.974709,0.216031,1
C7,1907.5419,62.092808,0.21238,1
C7,1908.0419,57.09724,0.230128,2
C7,1908.5419,51.640957,0.236947,2
C7,1909.0419,48.287487,0.219365,2
C7,1909.5419,48.864571,0.222701,2
C7,1910.0419,52.238277,0.236659,2
C7,1910.5419,57.600147,0.22696,2
C7,1911.0419,63.646339,0.214071,2
C7,1911.5419,69.447243,0.208856,2
C7,1912.0419,74.208885,0.205356,1
C7,1912.5419,77.365181,0.203079,1
C7,1913.0419,78.754333,0.202813,1
C7,1913.5419,78.261002,0.203982,1
C7,1914.0419,77.886002,0.2035,1
C7,1914.5419,79.055923,0.201841,1
C7,1915.0419,80.334236,0.20116,1
C7,1915.5419,80.696739,0.201177,1
C7,1916.0419,81.377419,0.199914,1
C7,1916.5419,83.256058,0.197739,1
C7,1917.0419,84.088142,0.198391,1
C7,1917.5419,82.273384,0.20106,1
C7,1918.0419,79.99826,0.202556,1
C7,1918.5419,78.821709,0.203214,1
C7,1919.0419,77.509071,0.204958,1
C7,1919.5419,75.180077,0.207476,1
C7,1920.0419,73.281532,0.208432,1
C7,1920.5419,72.845032,0.208275,2
C7,1921.0419,72.361076,0.209319,2
C7,1921.5419,70.753426,0.211218,2
C7,1922.0419,69.041924,0.212451,2
C7,1922.5419,67.95369,0.21321,2
C7,1923.0419,68.352196,0.211722,2
C7,1923.5419,70.853081,0.208632,1
C7,1924.0419,74.610596,0.204845,1
C7,1924.5419,79.021729,0.200559,1
C7,1925.0419,83.420372,0.196794,1
C7,1925.5419,87.331596,0.193401,1
C7,1926.0419,90.146645,0.191642,1
C7,1926.5419,91.43148,0.191049,1
C7,1927.0419,92.610107,0.189484,1
C7,1927.5419,94.697807,0.187227,1
C7,1928.0419,97.253891,0.184806,0
C7,1928.5419,99.964149,0.182268,0
C7,1929.0419,101.6328,0.181752,0
C7,1929.5419,101.4073,0.18268,0
C7,1930.0419,98.614906,0.186862,0
C7,1930.5419,92.776031,0.193366,1
C7,1931.0419,85.003082,0.201089,1
C7,1931.5419,76.089195,0.209681,1
C7,1932.0419,67.162811,0.223811,2
C7,1932.5419,59.028477,0.240666,2
C7,1933.0419,53.119778,0.233809,2
C7,1933.5419,50.458839,0.231668,2
C7,1934.0419,51.242393,0.220127,2
C7,1934.5419,55.610695,0.214583,1
C7,1935.0419,61.407795,0.216197,1
C7,1935.5419,67.096542,0.211032,1
C7,1936.0419,71.69416,0.207782,1
C7,1936.5419,74.499947,0.205897,1
C7,1937.0419,74.126114,0.208466,1
C7,1937.5419,69.583221,0.214212,1
C7,1938.0419,64.531921,0.217712,2
C7,1938.5419,61.582172,0.220725,2
C7,1939.0419,59.852654,0.216288,2
C7,1939.5419,58.714993,0.235202,2
C7,1940.0419,59.557491,0.231704,1
C7,1940.5419,63.369968,0.214715,1
C7,1941.0419,67.714844,0.211383,1
C7,1941.5419,70.854172,0.208969,1
C7,1942.0419,73.361473,0.206794,1
C7,1942.5419,75.645653,0.204789,1
C7,1943.0419,76.806267,0.20467,1
C7,1943.5419,76.20134,0.205896,1
C7,1944.0419,74.609009,0.207584,1
C7,1944.5419,72.584091,0.209601,1
C7,1945.0419,71.764946,0.209083,1
C7,1945.5419,73.319695,0.206756,1
C7,1946.0419,75.926292,0.204312,1
C7,1946.5419,78.642143,0.201785,1
C7,1947.0419,80.88102,0.200215,1
C7,1947.5419,82.22496,0.199326,1
C7,1948.0419,81.149117,0.202184,1
C7,1948.5419,76.566277,0.207714,1
C7,1949.0419,71.011551,0.21235,2
C7,1949.5419,66.292397,0.21635,2
C7,1950.0419,62.880547,0.218594,2
C7,1950.5419,61.112328,0.219586,2
C7,1951.0419,61.071434,0.218669,1
C7,1951.5419,62.817539,0.21639,1
C7,1952.0419,65.056648,0.214571,1
C7,1952.5419,66.866188,0.213079,1
C7,1953.0419,67.974556,0.212543,1
C7,1953.5419,68.188118,0.212689,1
C7,1954.0419,67.833244,0.213193,1
C7,1954.5419,67.142609,0.213952,1
C7,1955.0419,66.106087,0.215089,1
C7,1955.5419,64.716415,0.216496,1
C7,1956.0419,63.812859,0.216743,1
C7,1956.5419,63.993801,0.216164,1
C7,1957.0419,64.52565,0.215769,1
C7,1957.5419,64.885368,0.215506,1
C7,1958.0419,65.251595,0.215099,1
C7,1958.5419,65.751678,0.214591,2
C7,1959.0419,65.774323,0.215058,2
C7,1959.5419,64.88369,0.216221,2
C7,1960.0419,64.372047,0.215995,2
C7,1960.5419,65.160751,0.214778,2
C7,1961.0419,68.529579,0.209829,2
C7,1961.5419,75.391006,0.202219,2
C7,1962.0419,84.552132,0.193061,2
C7,1962.5419,95.162437,0.1828,2
C7,1963.0419,105.20547,0.174681,2
C7,1963.5419,113.24351,0.168089,0
C7,1964.0419,117.2961,0.167264,0
C7,1964.5419,115.95122,0.17055,0
C7,1965.0419,110.46011,0.177314,0
C7,1965.5419,101.71488,0.186556,0
C7,1966.0419,91.586945,0.19585,1
C7,1966.5419,81.410568,0.205181,1
C7,1967.0419,72.706749,0.21178,1
C7,1967.5419,66.559921,0.163891,1
C7,1968.0419,62.959602,0.128369,1
C7,1968.5419,61.898315,0.128373,1
C7,1969.0419,63.289661,0.125823,1
C7,1969.5419,67.072014,0.121451,0
C7,1970.0419,71.369743,0.117957,0
C7,1970.5419,74.845566,0.11509,0
C7,1971.0419,77.271034,0.113518,0
C7,1971.5419,78.483307,0.112871,0
C7,1972.0419,77.021896,0.116192,0
C7,1972.5419,71.845535,0.122344,0
C7,1973.0419,65.336922,0.107055,0
C7,1973.5419,59.194878,0.119954,1
C7,1974.0419,54.290482,0.140565,1
C7,1974.5419,51.244785,0.146649,1
C7,1975.0419,50.970695,0.155572,1
C7,1975.5419,54.119095,0.140108,1
C7,1976.0419,59.37196,0.125675,1
C7,1976.5419,65.789574,0.121652,0
C7,1977.0419,72.523041,0.115645,0
C7,1977.5419,78.967102,0.109858,0
C7,1978.0419,84.504448,0.10551,0
C7,1978.5419,88.694946,0.102189,0
C7,1979.0419,91.447212,0.100473,0
C7,1979.5419,92.696083,0.099903,0
C7,1980.0419,92.233826,0.101319,0
C7,1980.5419,89.912338,0.104152,0
C7,1981.0419,86.746819,0.107113,0
C7,1981.5419,83.46109,0.110166,0
C7,1982.0419,79.913979,0.113605,3
C7,1982.5419,76.004845,0.11732,0
C7,1983.0419,73.286354,0.11858,0
C7,1983.5419,72.865524,0.11809,0
C7,1984.0419,74.491264,0.115605,0
C7,1984.5419,77.984528,0.111697,0
C7,1985.0419,83.169785,0.106114,0
C7,1985.5419,89.921867,0.099339,0
C7,1986.0419,94.935074,0.09694,0
C7,1986.5419,95.852509,0.09766,0
C7,1987.0419,93.676628,0.100922,0
C7,1987.5419,89.122169,0.105996,0
C7,1988.0419,82.579315,0.112896,0
C7,1988.5419,74.326256,0.1211,0
C7,1989.0419,66.850075,0.12658,2
C7,1989.5419,61.92403,0.133331,2
C7,1990.0419,58.736786,0.14965,2
C7,1990.5419,56.709862,0.162528,2
C7,1991.0419,56.648048,0.137075,2
C7,1991.5419,59.125137,0.123362,2
C7,1992.0419,63.271526,0.124937,2
C7,1992.5419,68.467186,0.119783,2
C7,1993.0419,73.126488,0.11641,0
C7,1993.5419,76.118919,0.114307,0
C7,1994.0419,77.210381,0.114412,0
C7,1994.5419,76.233978,0.116093,0
C7,1995.0419,73.85891,0.118759,0
C7,1995.5419,70.562294,0.122126,0
C7,1996.0419,67.920578,0.123593,0
C7,1996.5419,67.057747,0.123705,3
C7,1997.0419,67.079712,0.123554,3
C7,1997.5419,67.349007,0.123213,3
C7,1998.0419,66.96125,0.124263,3
C7,1998.5419,65.271683,0.126305,3
C7,1999.0419,62.34882,0.107937,1
C7,1999.5419,58.241528,0.125109,1
C7,2000.0419,53.702225,0.139793,1
C7,2000.5419,49.267376,0.128849,1
C7,2001.0419,46.694023,0.119117,1
C7,2001.5419,47.234913,0.112179,1
C7,2002.0419,50.149555,0.119189,1
C7,2002.5419,54.910007,0.126284,1
C7,2003.0419,59.823757,0.126885,1
C7,2003.5419,63.684074,0.125171,0
C7,2004.0419,65.601295,0.124794,0
C7,2004.5419,64.941101,0.12638,0
C7,2005.0419,62.34478,0.122529,0
C7,2005.5419,58.269554,0.139753,1
C7,2006.0419,55.70443,0.140656,1
C7,2006.5419,56.780495,0.140161,1
C7,2007.0419,60.481461,0.134075,1
C7,2007.5419,66.082726,0.121618,1
C7,2008.0419,72.610397,0.11552,0
C7,2008.5419,79.370094,0.109246,0
C7,2009.0419,84.27504,0.106542,0
C7,2009.5419,85.837357,0.106386,0
C7,2010.0419,84.832382,0.108382,0
C7,2010.5419,81.812874,0.111913,0
C7,2011.0419,77.777679,0.115767,0
C7,2011.5419,73.438957,0.119853,0
C7,2012.0419,69.420464,0.123122,0
C7,2012.5419,66.166924,0.125808,1
C7,2013.0419,64.640717,0.125915,1
C7,2013.5419,65.528008,0.124184,1
C7,2014.0419,67.58606,0.122148,1
C7,2014.5419,69.928841,0.119896,1
C7,2015.0419,72.708817,0.117061,0
C7,2015.5419,76.034698,0.11381,0
C7,2016.0419,78.087654,0.113304,0
C7,2016.5419,77.570908,0.114755,0
C7,2017.0419,76.145714,0.115911,0
C7,2017.5419,74.996506,0.116858,0
C7,2018.0419,73.064034,0.119449,0
C7,2018.5419,69.593056,0.123211,0
C7,2019.0419,66.467461,0.125169,3
C7,2019.5419,65.030441,0.125841,3
C7,2020.0419,64.608315,0.125942,3
C7,2020.5419,64.720757,0.125635,3
C7,2021.0419,66.038895,0.12353,3
C7,2021.5419,69.04126,0.120141,3
C7,2022.0419,72.356316,0.117462,3
C7,2022.5419,75.00621,0.11529,0
C7,2023.0419,76.118935,0.115425,0
C7,2023.5419,75.072762,0.117205,0
C7,2024.0419,72.579353,0.119989,0
C7,2024.5419,69.146133,0.123489,3
C7,2025.0419,65.172813,0.127261,3
C7,2025.5419,60.944363,0.154334,3
C7,2026.0419,57.828976,0.148821,3
C7,2026.5419,56.802135,0.134652,3
C7,2027.0419,58.532021,0.131212,3
C7,2027.5419,63.495026,0.124024,3
C7,2028.0419,71.164635,0.11576,3
C7,2028.5419,81.165459,0.10572,0
C7,2029.0419,93.052277,0.094004,0
C7,2029.5419,106.50768,0.081094,0
C7,2030.0419,118.64779,0.071785,0
C7,2030.5419,127.41649,0.065045,0
C7,2031.0419,133.72462,0.06024,0
C7,2031.5419,138.2216,0.056815,0
C7,2032.0419,140.79204,0.055536,0
C7,2032.5419,141.3537,0.055787,0
C7,2033.0419,141.59259,0.055098,0
C7,2033.5419,142.71083,0.053739,0
C7,2034.0419,144.06607,0.052618,0
C7,2034.5419,145.20033,0.051664,0
C7,2035.0419,146.03146,0.051097,0
C7,2035.5419,146.50095,0.050805,0
C7,2036.0419,146.38853,0.051302,0
C7,2036.5419,145.53722,0.052363,0
C7,2037.0419,144.46649,0.053262,0
C7,2037.5419,143.54672,0.054047,0
C7,2038.0419,142.8275,0.054578,0
C7,2038.5419,142.34418,0.05493,0
C7,2039.0419,142.66481,0.053991,0
C7,2039.5419,144.19444,0.052131,0
C7,2040.0419,145.85522,0.050952,0
C7,2040.5419,146.87868,0.042697,0
C7,2041.0419,147.41356,0.058068,0
C7,2041.5419,147.56595,0.049258,0
C7,2042.0419,147.06477,0.04352,0
C7,2042.5419,145.7168,0.052446,0
C7,2043.0419,144.61395,0.052908,0
C7,2043.5419,144.53484,0.052591,0
C7,2044.0419,145.0631,0.051942,0
C7,2044.5419,145.90179,0.051056,0
C7,2045.0419,146.69225,0.050495,0
C7,2045.5419,147.17879,0.050165,0
C7,2046.0419,147.31088,0.050253,0
C7,2046.5419,147.0526,0.050639,0
C7,2047.0419,146.75734,0.050794,0
C7,2047.5419,146.67712,0.050786,0
C7,2048.0419,146.7692,0.050626,0
C7,2048.5419,147.00308,0.050358,0
C7,2049.0419,147.32133,0.049418,0
C7,2049.5419,147.683,0.062581,0
C7,2050.0419,147.9016,0.085272,0
C7,2050.5419,147.84419,0.065725,0
C7,2051.0419,147.80295,0.064172,0
C7,2051.5419,147.98615,0.077116,0
C7,2052.0419,148.23772,0.063209,0
C7,2052.5419,148.4464,0.05086,0
C7,2053.0419,148.58694,0.035031,0
C7,2053.5419,148.64143,0.077097,0
C7,2054.0419,148.50023,0.090963,0
C7,2054.5419,148.08521,0.047638,0
C7,2055.0419,146.94571,0.042433,0
C7,2055.5419,144.76047,0.053742,0
C7,2056.0419,142.22929,0.055976,0
C7,2056.5419,139.85117,0.058094,0
C7,2057.0419,138.09364,0.059193,0
C7,2057.5419,137.29008,0.059565,0
C7,2058.0419,138.0719,0.057762,0
C7,2058.5419,140.88921,0.054409,0
C7,2059.0419,144.67778,0.034836,0
C7,2059.5419,148.67886,0.027346,0
C7,2060.0419,152.04543,0.047675,0
C7,2060.5419,154.17363,0.060379,0
C7,2061.0419,154.94211,0.043956,0
C7,2061.5419,154.26434,0.038889,0
C7,2062.0419,153.07578,0.04417,0
C7,2062.5419,152.04333,0.054047,0
C7,2063.0419,151.59341,0.063626,0
C7,2063.5419,152.03008,0.027752,0
C7,2064.0419,152.78452,0.024945,0
C7,2064.5419,153.45122,0.058113,0
C7,2065.0419,151.34946,0.059316,0
C7,2065.5419,144.5679,0.056714,0
C7,2066.0419,133.7095,0.068599,0
C7,2066.5419,119.20416,0.083262,0
C7,2067.0419,101.948,0.100181,0
C7,2067.5419,82.579956,0.118709,0
C7,2068.0419,65.38092,0.130029,2
C7,2068.5419,53.403072,0.128115,2
C7,2069.0419,45.426357,0.149498,2
C7,2069.5419,40.580898,0.168993,2
C7,2070.0419,38.167549,0.166317,2
C7,2070.5419,37.687836,0.160114,2
C7,2071.0419,37.094902,0.159526,1
C7,2071.5419,34.929386,0.158875,1
C7,2072.0419,32.581699,0.174236,1
C7,2072.5419,31.043175,0.178414,1
C7,2073.0419,30.072048,0.148144,1
C7,2073.5419,29.495943,0.13582,2
C7,2074.0419,30.003637,0.139108,2
C7,2074.5419,32.086216,0.140811,2
C7,2075.0419,34.414265,0.131469,2
C7,2075.5419,36.03994,0.13078,2
C7,2076.0419,37.785992,0.138234,2
C7,2076.5419,40.239017,0.158219,2
C7,2077.0419,41.70002,0.156529,2
C7,2077.5419,40.957645,0.146833,1
C7,2078.0419,38.68515,0.155548,1
C7,2078.5419,35.36256,0.156526,1
C7,2079.0419,31.018682,0.153512,1
C7,2079.5419,25.674057,0.159894,1
C7,2080.0419,21.694727,0.186216,2
C7,2080.5419,20.767628,0.180427,2
C7,2081.0419,22.073164,0.189624,2
C7,2081.5419,25.026979,0.164041,2
C7,2082.0419,29.884129,0.136569,1
C7,2082.5419,36.826454,0.123549,1
C7,2083.0419,43.576363,0.149262,2
C7,2083.5419,48.50996,0.162481,2
C7,2084.0419,53.306271,0.146743,2
C7,2084.5419,59.162388,0.132456,2
C7,2085.0419,64.765427,0.123502,2
C7,2085.5419,69.179329,0.119915,2
C7,2086.0419,72.630295,0.117185,0
C7,2086.5419,75.279587,0.115066,0
C7,2087.0419,76.576485,0.114812,0
C7,2087.5419,76.128326,0.115887,0
C7,2088.0419,74.489334,0.117812,0
C7,2088.5419,72.054665,0.120343,0
C7,2089.0419,70.577461,0.120515,0
C7,2089.5419,71.307709,0.119006,0
C7,2090.0419,72.389297,0.118536,0
C7,2090.5419,72.498871,0.118806,1
C7,2091.0419,72.372223,0.118767,0
C7,2091.5419,72.533951,0.118509,1
C7,2092.0419,71.909622,0.11991,1
C7,2092.5419,69.733185,0.122493,0
C7,2093.0419,67.95108,0.123172,0
C7,2093.5419,67.951096,0.122493,1
C7,2094.0419,68.694939,0.12181,1
C7,2094.5419,69.442345,0.121125,1
C7,2095.0419,70.07531,0.120652,0
C7,2095.5419,70.509674,0.12033,0
C7,2096.0419,70.390717,0.12087,1
C7,2096.5419,69.46553,0.122023,1
C7,2097.0419,68.273575,0.123051,1
C7,2097.5419,67.199455,0.12399,2
C7,2098.0419,66.414543,0.124488,2
C7,2098.5419,66.041016,0.124673,2
C7,2099.0419,65.71154,0.12509,2
C7,2099.5419,65.16423,0.125674,2
C7,2100.0419,64.801147,0.125755,2
C7,2100.5419,64.908974,0.125477,1
C7,2101.0419,65.301064,0.125038,1
C7,2101.5419,65.844376,0.124483,1
C7,2102.0419,67.020874,0.122884,1
C7,2102.5419,69.174225,0.120542,0
C7,2103.0419,71.098228,0.119363,1
C7,2103.5419,71.932915,0.119014,1
C7,2104.0419,72.197601,0.118879,1
C7,2104.5419,72.262589,0.118895,1
C7,2105.0419,71.68895,0.119928,0
C7,2105.5419,70.163742,0.121686,0
C7,2106.0419,68.884354,0.12227,1
C7,2106.5419,68.704468,0.122016,1
C7,2107.0419,68.963409,0.121796,1
C7,2107.5419,69.19014,0.121601,0
C7,2108.0419,69.65403,0.120947,1
C7,2108.5419,70.547173,0.119966,1
C7,2109.0419,71.446548,0.119301,0
C7,2109.5419,72.050537,0.118861,1
C7,2110.0419,72.878922,0.117785,1
C7,2110.5419,74.302322,0.116256,0
C7,2111.0419,75.943291,0.114781,0
C7,2111.5419,77.5327,0.113346,0
C7,2112.0419,78.769447,0.112518,0
C7,2112.5419,79.438873,0.112121,0
C7,2113.0419,79.609619,0.112205,0
C7,2113.5419,79.330635,0.112632,0
C7,2114.0419,78.739655,0.113287,0
C7,2114.5419,77.93486,0.114105,0
C7,2115.0419,77.677727,0.113757,0
C7,2115.5419,78.511124,0.112579,0
C7,2116.0419,78.822891,0.113187,0
C7,2116.5419,77.463593,0.115068,0
C7,2117.0419,75.452194,0.116869,0
C7,2117.5419,73.515221,0.118613,0
C7,2118.0419,70.632011,0.122146,1
C7,2118.5419,66.074867,0.126953,1
C7,2119.0419,62.547916,0.1286,1
C7,2119.5419,61.97913,0.127994,1
C7,2120.0419,62.957657,0.12681,1
C7,2120.5419,64.477592,0.125213,1
C7,2121.0419,67.149452,0.12192,0
C7,2121.5419,71.408531,0.117417,0
C7,2122.0419,75.386177,0.114639,0
C7,2122.5419,77.750053,0.113091,0
C7,2123.0419,78.620117,0.113047,0
C7,2123.5419,78.081886,0.114076,0
C7,2124.0419,76.39267,0.116139,0
C7,2124.5419,73.735909,0.118939,0
C7,2125.0419,70.579613,0.121915,0
C7,2125.5419,67.257446,0.125018,0
C7,2126.0419,64.768738,0.12647,1
C7,2126.5419,63.825954,0.126744,1
C7,2127.0419,63.652451,0.126788,1
C7,2127.5419,63.694469,0.126667,1
C7,2128.0419,64.246239,0.125778,0
C7,2128.5419,65.51754,0.12434,1
C7,2129.0419,66.764153,0.123496,1
C7,2129.5419,67.45546,0.123075,1
C7,2130.0419,68.126472,0.122268,1
C7,2130.5419,69.158653,0.121186,1
C7,2131.0419,70.211037,0.120343,1
C7,2131.5419,71.040527,0.119668,0
C7,2132.0419,71.719437,0.119099,0
C7,2132.5419,72.299301,0.118607,0
C7,2133.0419,72.5513,0.118638,0
C7,2133.5419,72.312294,0.119044,0
C7,2134.0419,71.739799,0.119686,0
C7,2134.5419,70.946106,0.120497,0
C7,2135.0419,70.398491,0.120689,0
C7,2135.5419,70.430107,0.120439,0
C7,2136.0419,70.489601,0.12058,0
C7,2136.5419,70.183868,0.120999,0
C7,2137.0419,69.771576,0.121334,0
C7,2137.5419,69.43718,0.121611,2
C7,2138.0419,68.279282,0.123453,2
C7,2138.5419,65.655228,0.126413,2
C7,2139.0419,63.113213,0.128106,2
C7,2139.5419,61.757069,0.128896,0
C7,2140.0419,60.744087,0.101235,0
C7,2140.5419,59.473442,0.114222,0
C7,2141.0419,58.946243,0.138186,2
C7,2141.5419,59.87627,0.132926,2
C7,2142.0419,61.562599,0.127838,2
C7,2142.5419,63.505493,0.125963,2
C7,2143.0419,66.232155,0.122848,2
C7,2143.5419,70.118462,0.11885,2
C7,2144.0419,74.711906,0.114441,0
C7,2144.5419,79.689842,0.109739,0
C7,2145.0419,84.406853,0.105808,0
C7,2145.5419,88.40274,0.102426,0
C7,2146.0419,91.655777,0.099854,0
C7,2146.5419,94.150497,0.09786,0
C7,2147.0419,95.494392,0.097394,0
C7,2147.5419,95.407639,0.098019,0
C7,2148.0419,94.50808,0.099041,0
C7,2148.5419,93.236237,0.100347,0
C7,2149.0419,91.96431,0.101369,0
C7,2149.5419,90.957649,0.102189,0
C7,2150.0419,90.364037,0.102455,0
C7,2150.5419,90.288811,0.102326,0
C7,2151.0419,90.470345,0.102123,0
C7,2151.5419,90.722099,0.101866,0
C7,2152.0419,90.493317,0.102542,0
C7,2152.5419,89.391296,0.103883,0
C7,2153.0419,88.041702,0.105012,0
C7,2153.5419,86.89061,0.105989,0
C7,2154.0419,86.277573,0.106133,0
C7,2154.5419,86.444687,0.105683,0
C7,2155.0419,87.271629,0.10462,0
C7,2155.5419,88.672607,0.10312,0
C7,2156.0419,89.909698,0.102356,0
C7,2156.5419,90.456779,0.102118,0
C7,2157.0419,90.141251,0.102934,0
C7,2157.5419,88.84008,0.1045,0
C7,2158.0419,87.219376,0.1059,0
C7,2158.5419,85.754089,0.107181,0
C7,2159.0419,84.75528,0.107728,0
C7,2159.5419,84.444778,0.10775,0
C7,2160.0419,84.638741,0.107373,0
C7,2160.5419,85.206116,0.106711,0
C7,2161.0419,85.835564,0.106221,0
C7,2161.5419,86.305115,0.105852,0
C7,2162.0419,86.873077,0.105181,0
C7,2162.5419,87.723602,0.104296,0
C7,2163.0419,89.001122,0.102844,0
C7,2163.5419,90.808617,0.100988,0
C7,2164.0419,92.758919,0.099274,0
C7,2164.5419,94.576012,0.097662,0
C7,2165.0419,96.026817,0.096619,0
C7,2165.5419,96.94516,0.095981,0
C7,2166.0419,96.176804,0.098024,0
C7,2166.5419,92.898811,0.10198,0
C7,2167.0419,87.932602,0.107114,0
C7,2167.5419,81.863853,0.113088,0
C7,2168.0419,75.029572,0.119622,0
C7,2168.5419,67.670052,0.126557,0
C7,2169.0419,62.106667,0.151457,2
C7,2169.5419,59.994507,0.157578,2
C7,2170.0419,59.611134,0.152193,2
C7,2170.5419,59.728474,0.149988,2
C7,2171.0419,60.513805,0.136394,2
C7,2171.5419,62.086388,0.12733,2
C7,2172.0419,62.460285,0.128384,2
C7,2172.5419,60.21957,0.128035,2
C7,2173.0419,57.832741,0.12572,2
C7,2173.5419,57.059772,0.121712,2
C7,2174.0419,56.850895,0.120133,2
C7,2174.5419,56.457623,0.144691,2
C7,2175.0419,57.363377,0.143175,2
C7,2175.5419,60.625797,0.127594,2
C7,2176.0419,64.566833,0.124265,1
C7,2176.5419,67.990082,0.121329,1
C7,2177.0419,70.593575,0.119499,0
C7,2177.5419,72.162033,0.118458,0
C7,2178.0419,71.642303,0.120451,1
C7,2178.5419,68.283501,0.124606,1
C7,2179.0419,62.318241,0.143115,1
C7,2179.5419,53.912361,0.14552,1
C7,2180.0419,44.622116,0.127377,2
C7,2180.5419,35.557091,0.145457,2
C7,2181.0419,28.057438,0.165515,2
C7,2181.5419,23.078659,0.179065,2
C7,2182.0419,21.03894,0.19217,2
C7,2182.5419,22.236439,0.185456,2
C7,2183.0419,25.270355,0.186775,2
C7,2183.5419,29.141949,0.164307,2
C7,2184.0419,32.870461,0.14595,2
C7,2184.5419,35.756634,0.144566,1
C7,2185.0419,37.904037,0.145871,1
C7,2185.5419,39.386532,0.16617,1
C7,2186.0419,41.100422,0.167969,1
C7,2186.5419,43.684772,0.163318,1
C7,2187.0419,47.418884,0.148832,1
C7,2187.5419,52.501896,0.143954,1
C7,2188.0419,57.817802,0.136803,1
C7,2188.5419,62.570923,0.125688,1
C7,2189.0419,67.051529,0.121623,0
C7,2189.5419,71.466583,0.117608,0
C7,2190.0419,74.488152,0.116092,0
C7,2190.5419,75.169395,0.11636,0
C7,2191.0419,74.994797,0.116412,3
C7,2191.5419,75.022736,0.11631,0
C7,2192.0419,74.671562,0.117055,0
C7,2192.5419,73.526588,0.118405,0
C7,2193.0419,72.422379,0.119076,0
C7,2193.5419,71.953972,0.119262,0
C7,2194.0419,71.304039,0.120266,2
C7,2194.5419,69.889854,0.121851,2
C7,2195.0419,67.12767,0.125321,2
C7,2195.5419,62.601326,0.118175,2
C7,2196.0419,57.474792,0.121517,2
C7,2196.5419,52.577965,0.127042,2
C7,2197.0419,48.682064,0.118892,2
C7,2197.5419,46.336952,0.114427,2
C7,2198.0419,46.39819,0.137968,2
C7,2198.5419,49.475765,0.16333,2
C7,2199.0419,53.853565,0.154121,2
C7,2199.5419,58.308033,0.1342,2
C7,2200.0419,62.041058,0.126877,1
C7,2200.5419,64.483604,0.125134,1
C7,2201.0419,65.461136,0.125089,1
C7,2201.5419,64.849205,0.126254,1
C7,2202.0419,63.713707,0.127167,1
C7,2202.5419,62.81461,0.127899,1
C7,2203.0419,61.964001,0.128723,2
C7,2203.5419,61.027889,0.129612,2
C7,2204.0419,60.303471,0.139868,2
C7,2204.5419,60.002617,0.135953,2
C7,2205.0419,59.823578,0.137531,0
C7,2205.5419,59.551216,0.104455,0
C7,2206.0419,58.921486,0.103748,1
C7,2206.5419,57.746101,0.113909,1
C7,2207.0419,56.42215,0.135148,1
C7,2207.5419,55.232731,0.140664,2
C7,2208.0419,54.486713,0.138704,2
C7,2208.5419,54.404324,0.125547,2
C7,2209.0419,55.697018,0.136563,2
C7,2209.5419,58.872055,0.138775,2
C7,2210.0419,62.381187,0.12653,2
C7,2210.5419,65.120544,0.124316,1
C7,2211.0419,65.839867,0.125212,1
C7,2211.5419,63.647751,0.128327,1
C7,2212.0419,59.998379,0.127063,1
C7,2212.5419,55.928574,0.124542,1
C7,2213.0419,51.919182,0.146749,2
C7,2213.5419,48.313034,0.154336,2
C7,2214.0419,46.536385,0.135473,2
C7,2214.5419,47.606125,0.134805,2
C7,2215.0419,48.916103,0.136549,0
C7,2215.5419,48.608196,0.158775,0
C7,2216.0419,47.851028,0.158801,0
C7,2216.5419,47.477795,0.160286,1
C7,2217.0419,47.369312,0.15366,1
C7,2217.5419,47.440617,0.150701,1
C7,2218.0419,48.574715,0.154814,1
C7,2218.5419,51.401169,0.147745,1
C7,2219.0419,54.639065,0.128922,1
C7,2219.5419,57.37513,0.114511,1
C7,2220.0419,59.896877,0.121332,1
C7,2220.5419,62.409302,0.126756,1
C7,2221.0419,64.682442,0.12489,1
C7,2221.5419,66.552361,0.123333,1
C7,2222.0419,68.177887,0.121916,1
C7,2222.5419,69.672279,0.120599,1
C7,2223.0419,69.764481,0.121748,1
C7,2223.5419,67.548264,0.124655,1
C7,2224.0419,65.230209,0.12599,1
C7,2224.5419,64.383575,0.126204,2
C7,2225.0419,65.301788,0.124309,2
C7,2225.5419,68.194038,0.12091,2
C7,2226.0419,74.180519,0.113353,2
C7,2226.5419,84.059914,0.102829,2
C7,2227.0419,94.445663,0.094344,0
C7,2227.5419,102.92324,0.087313,0
C7,2228.0419,109.55076,0.082215,0
C7,2228.5419,114.36969,0.078494,0
C7,2229.0419,116.5085,0.078301,0
C7,2229.5419,115.34579,0.080622,0
C7,2230.0419,113.33831,0.081974,0
C7,2230.5419,112.23765,0.082636,0
C7,2231.0419,111.96842,0.082468,0
C7,2231.5419,112.47688,0.081706,0
C7,2232.0419,113.61872,0.080378,0
C7,2232.5419,115.29107,0.078645,0
C7,2233.0419,116.64681,0.077896,0
C7,2233.5419,117.08199,0.077849,0
C7,2234.0419,116.6306,0.078723,0
C7,2234.5419,115.31686,0.080253,0
C7,2235.0419,114.28023,0.080619,0
C7,2235.5419,114.33312,0.080156,0
C7,2236.0419,114.87512,0.079627,0
C7,2236.5419,115.47815,0.079052,0
C7,2237.0419,116.30942,0.078106,0
C7,2237.5419,117.48816,0.076895,0
C7,2238.0419,118.02913,0.077116,0
C7,2238.5419,117.22985,0.078358,3
C7,2239.0419,116.10862,0.079168,3
C7,2239.5419,115.39145,0.07967,0
C7,2240.0419,115.38609,0.079178,0
C7,2240.5419,116.31197,0.077976,0
C7,2241.0419,118.46518,0.075237,0
C7,2241.5419,122.05683,0.071402,0
C7,2242.0419,125.51532,0.068907,3
C7,2242.5419,127.72015,0.067367,0
C7,2243.0419,128.32852,0.067794,0
C7,2243.5419,127.09603,0.069623,0
C7,2244.0419,124.15086,0.073184,0
C7,2244.5419,119.58438,0.07798,0
C7,2245.0419,115.38081,0.080878,0
C7,2245.5419,112.95481,0.082421,0
C7,2246.0419,112.11031,0.082423,0
C7,2246.5419,112.70751,0.081327,0
C7,2247.0419,114.15311,0.079777,0
C7,2247.5419,116.02407,0.077903,0
C7,2248.0419,117.84376,0.076447,0
C7,2248.5419,119.27237,0.075288,0
C7,2249.0419,119.42725,0.076163,0
C7,2249.5419,117.67908,0.078488,0
C7,2250.0419,115.10378,0.080877,0
C7,2250.5419,112.46845,0.083311,0
C7,2251.0419,109.72388,0.0859,0
C7,2251.5419,106.83498,0.088599,3
C7,2252.0419,105.12238,0.089035,3
C7,2252.5419,105.52769,0.087857,0
C7,2253.0419,107.96367,0.084577,0
C7,2253.5419,112.36808,0.079796,0
C7,2254.0419,117.04631,0.076014,0
C7,2254.5419,120.7901,0.072944,0
C7,2255.0419,123.77666,0.070548,0
C7,2255.5419,126.13235,0.068632,0
C7,2256.0419,126.91125,0.069122,0
C7,2256.5419,125.43892,0.071327,0
C7,2257.0419,123.44917,0.072764,0
C7,2257.5419,122.17816,0.073653,0
C7,2258.0419,120.85438,0.075186,0
C7,2258.5419,118.92776,0.077179,0
C7,2259.0419,117.05409,0.078616,0
C7,2259.5419,115.70097,0.079656,0
C7,2260.0419,114.76527,0.080328,0
C7,2260.5419,114.1735,0.080739,0
C7,2261.0419,113.97828,0.080686,3
C7,2261.5419,114.21715,0.080302,0
C7,2262.0419,114.52694,0.080119,0
C7,2262.5419,114.64869,0.080079,0
C7,2263.0419,113.89229,0.081503,0
C7,2263.5419,111.76569,0.083971,0
C7,2264.0419,108.67748,0.087155,0
C7,2264.5419,104.91898,0.09085,0
C7,2265.0419,101.11799,0.094112,0
C7,2265.5419,97.722137,0.097065,0
C7,2266.0419,95.654861,0.097895,0
C7,2266.5419,95.574532,0.097212,0
C7,2267.0419,96.841385,0.095577,0
C7,2267.5419,98.99929,0.093263,0
C7,2268.0419,101.30607,0.091355,0
C7,2268.5419,103.23254,0.089737,0
C7,2269.0419,104.36792,0.089277,0
C7,2269.5419,104.41932,0.089643,0
C7,2270.0419,103.86609,0.090289,0
C7,2270.5419,103.05003,0.091136,0
C7,2271.0419,102.41927,0.091444,0
C7,2271.5419,102.29331,0.091367,0
C7,2272.0419,102.28091,0.091467,0
C7,2272.5419,102.10312,0.091692,0
C7,2273.0419,102.0418,0.091579,0
C7,2273.5419,102.29797,0.091224,0
C7,2274.0419,102.9533,0.09038,0
C7,2274.5419,104.06607,0.089188,0
C7,2275.0419,105.57543,0.087617,0
C7,2275.5419,107.43802,0.085778,0
C7,2276.0419,109.81834,0.08326,0
C7,2276.5419,112.8337,0.080259,0
C7,2277.0419,115.74801,0.077927,0
C7,2277.5419,118.03648,0.076071,0
C7,2278.0419,120.57306,0.073284,0
C7,2278.5419,123.98086,0.069834,0
C7,2279.0419,126.73943,0.068236,0
C7,2279.5419,127.76471,0.067958,0
C7,2280.0419,127.80359,0.068165,0
C7,2280.5419,127.38857,0.068717,0
C7,2281.0419,125.58178,0.071471,0
C7,2281.5419,121.71457,0.075794,0
C7,2282.0419,117.27333,0.079599,3
C7,2282.5419,113.31785,0.083034,3
C7,2283.0419,110.07863,0.085528,3
C7,2283.5419,107.72002,0.087351,3
C7,2284.0419,106.44124,0.087868,3
C7,2284.5419,106.38434,0.087455,0
C7,2285.0419,107.48922,0.085846,0
C7,2285.5419,109.71302,0.083385,0
C7,2286.0419,112.27905,0.08115,0
C7,2286.5419,114.63356,0.079076,0
C7,2287.0419,117.35359,0.076171,0
C7,2287.5419,120.85054,0.072675,0
C7,2288.0419,123.66585,0.071019,0
C7,2288.5419,124.75961,0.070674,0
C7,2289.0419,124.70439,0.07112,0
C7,2289.5419,123.90842,0.072131,0
C7,2290.0419,121.09784,0.076264,0
C7,2290.5419,115.3644,0.082624,0
C7,2291.0419,107.74473,0.09021,0
C7,2291.5419,98.977951,0.098669,0
C7,2292.0419,88.782356,0.10887,0
C7,2292.5419,76.957092,0.120312,0
C7,2293.0419,65.570312,0.146507,2
C7,2293.5419,56.096577,0.128434,2
C7,2294.0419,48.4492,0.124365,2
C7,2294.5419,42.56638,0.145335,2
C7,2295.0419,38.911217,0.150598,2
C7,2295.5419,37.813885,0.153045,2
C7,2296.0419,37.576351,0.156981,2
C7,2296.5419,36.987965,0.150147,1
C7,2297.0419,36.578957,0.163842,1
C7,2297.5419,36.727383,0.170424,1
C7,2298.0419,36.674088,0.158935,2
C7,2298.5419,35.877811,0.161836,2
C7,2299.0419,35.23053,0.169293,2
C7,2299.5419,35.36821,0.157995,2
C7,2300.0419,35.934525,0.139085,2
C7,2300.5419,36.675419,0.153947,2
C7,2301.0419,37.579269,0.135431,1
C7,2301.5419,38.637802,0.139388,1
C7,2302.0419,39.564793,0.166914,1
C7,2302.5419,40.156158,0.167113,2
C7,2303.0419,40.491734,0.147776,1
C7,2303.5419,40.628433,0.149086,1
C7,2304.0419,40.521187,0.156131,1
C7,2304.5419,40.137856,0.134453,2
C7,2305.0419,39.65284,0.149864,2
C7,2305.5419,39.190472,0.155528,2
C7,2306.0419,38.100994,0.124832,2
C7,2306.5419,35.92115,0.130584,2
C7,2307.0419,33.864052,0.165738,2
C7,2307.5419,32.794617,0.166828,2
C7,2308.0419,32.21423,0.136389,2
C7,2308.5419,31.767397,0.146618,2
C7,2309.0419,32.15934,0.1543,2
C7,2309.5419,33.892864,0.14172,2
C7,2310.0419,36.41386,0.152972,2
C7,2310.5419,39.327263,0.144757,2
C7,2311.0419,42.775913,0.144763,2
C7,2311.5419,46.861675,0.127802,2
C7,2312.0419,51.013973,0.123441,2
C7,2312.5419,54.826015,0.13557,2
C7,2313.0419,58.07069,0.132673,1
C7,2313.5419,60.58606,0.12856,1
C7,2314.0419,62.77422,0.12658,1
C7,2314.5419,64.921844,0.12463,1
C7,2315.0419,66.726624,0.123276,1
C7,2315.5419,67.972984,0.122348,1
C7,2316.0419,68.919579,0.121543,1
C7,2316.5419,69.750793,0.120827,1
C7,2317.0419,69.357391,0.122264,1
C7,2317.5419,66.948479,0.125236,1
C7,2318.0419,64.604332,0.126554,1
C7,2318.5419,63.808167,0.126693,1
C7,2319.0419,63.75267,0.126656,1
C7,2319.5419,63.862251,0.126493,1
C7,2320.0419,64.836906,0.124872,1
C7,2320.5419,67.175728,0.122212,1
C7,2321.0419,68.466148,0.12251,1
C7,2321.5419,66.988083,0.124917,1
C7,2322.0419,63.498196,0.13586,1
C7,2322.5419,58.535976,0.14051,1
C7,2323.0419,54.689026,0.138484,1
C7,2323.5419,53.802258,0.136448,1
C7,2324.0419,55.543251,0.123736,1
C7,2324.5419,59.674999,0.121735,1
C7,2325.0419,65.748047,0.121636,1
C7,2325.5419,73.441933,0.113978,0
C7,2326.0419,78.576378,0.112239,0
C7,2326.5419,78.170906,0.11472,0
C7,2327.0419,75.5951,0.116953,0
C7,2327.5419,73.251411,0.11901,0
C7,2328.0419,70.177567,0.12258,1
C7,2328.5419,65.6875,0.127228,1
C7,2329.0419,61.981773,0.129362,1
C7,2329.5419,60.629349,0.129703,1
C7,2330.0419,60.178413,0.126022,1
C7,2330.5419,59.593864,0.136783,1
C7,2331.0419,60.430344,0.135058,1
C7,2331.5419,63.79628,0.124613,0
C7,2332.0419,69.048882,0.119043,0
C7,2332.5419,75.729858,0.112385,0
C7,2333.0419,81.762108,0.108002,0
C7,2333.5419,85.664719,0.105242,0
C7,2334.0419,87.478432,0.104683,0
C7,2334.5419,87.232285,0.105693,0
C7,2335.0419,84.80349,0.109128,0
C7,2335.5419,80.104492,0.114293,0
C7,2336.0419,75.12281,0.118246,0
C7,2336.5419,71.27549,0.121335,1
C7,2337.0419,68.222099,0.123834,1
C7,2337.5419,65.719948,0.125914,1
C7,2338.0419,63.632912,0.127655,1
C7,2338.5419,61.863949,0.129152,1
C7,2339.0419,59.877499,0.117454,1
C7,2339.5419,57.29171,0.118274,1
C7,2340.0419,53.710629,0.122574,1
C7,2340.5419,48.851963,0.153096,1
C7,2341.0419,44.398335,0.148213,1
C7,2341.5419,41.549416,0.158204,1
C7,2342.0419,39.89917,0.167858,1
C7,2342.5419,39.158092,0.141225,1
C7,2343.0419,39.92009,0.142246,1
C7,2343.5419,42.608585,0.132193,1
C7,2344.0419,46.359982,0.144341,1
C7,2344.5419,50.558552,0.132019,1
C7,2345.0419,55.951473,0.120356,1
C7,2345.5419,63.071484,0.123711,0
C7,2346.0419,70.61393,0.11708,0
C7,2346.5419,77.648613,0.110836,0
C7,2347.0419,82.506561,0.108189,0
C7,2347.5419,83.997826,0.108107,0
C7,2348.0419,81.576324,0.11262,0
C7,2348.5419,74.852737,0.120412,1
C7,2349.0419,66.0905,0.114107,1
C7,2349.5419,56.903419,0.120777,1
C7,2350.0419,48.616402,0.128685,1
C7,2350.5419,42.174088,0.136628,1
C7,2351.0419,38.758812,0.147538,1
C7,2351.5419,39.213562,0.14314,1
C7,2352.0419,41.900829,0.130811,1
C7,2352.5419,45.653114,0.134849,1
C7,2353.0419,51.805923,0.134541,1
C7,2353.5419,61.311447,0.12392,0
C7,2354.0419,70.961411,0.116234,0
C7,2354.5419,78.468391,0.110181,0
C7,2355.0419,84.300346,0.105561,0
C7,2355.5419,88.790939,0.101963,0
C7,2356.0419,90.27356,0.102848,0
C7,2356.5419,87.559937,0.106929,0
C7,2357.0419,83.75592,0.10981,0
C7,2357.5419,81.075928,0.111834,0
C7,2358.0419,78.741516,0.114082,0
C7,2358.5419,76.197685,0.11649,0
C7,2359.0419,73.97776,0.118145,1
C7,2359.5419,72.462006,0.119264,1
C7,2360.0419,70.219521,0.122249,1
C7,2360.5419,66.23011,0.126566,1
C7,2361.0419,62.039734,0.149128,2
C7,2361.5419,58.750641,0.149417,2
C7,2362.0419,55.507362,0.139608,2
C7,2362.5419,51.699963,0.129365,2
C7,2363.0419,48.555477,0.138829,2
C7,2363.5419,46.94878,0.153935,2
C7,2364.0419,46.028728,0.158807,2
C7,2364.5419,45.188469,0.163265,2
C7,2365.0419,45.421658,0.159098,2
C7,2365.5419,47.436745,0.134902,2
C7,2366.0419,51.511311,0.120128,2
C7,2366.5419,57.843269,0.123386,2
C7,2367.0419,65.186844,0.121969,2
C7,2367.5419,72.653809,0.115089,0
C7,2368.0419,79.27037,0.109859,0
C7,2368.5419,84.342232,0.105806,0
C7,2369.0419,86.240227,0.106385,0
C7,2369.5419,83.802811,0.110267,0
C7,2370.0419,79.029205,0.115122,0
C7,2370.5419,73.344818,0.12067,0
C7,2371.0419,67.065208,0.126615,0
C7,2371.5419,60.415359,0.148923,1
C7,2372.0419,55.4529,0.172893,1
C7,2372.5419,53.644875,0.153178,1
C7,2373.0419,54.008057,0.148031,1
C7,2373.5419,55.841431,0.131838,1
C7,2374.0419,59.352989,0.120839,1
C7,2374.5419,64.69104,0.123026,1
C7,2375.0419,69.36367,0.120054,0
C7,2375.5419,71.594231,0.118943,0
C7,2376.0419,72.73613,0.117964,0
C7,2376.5419,73.754333,0.117079,0
C7,2377.0419,73.738579,0.117992,0
C7,2377.5419,72.039825,0.120188,0
C7,2378.0419,70.232033,0.121302,0
C7,2378.5419,69.437401,0.121643,0
C7,2379.0419,67.853973,0.1242,2
C7,2379.5419,64.196983,0.124489,2
C7,2380.0419,59.829807,0.144479,2
C7,2380.5419,55.72451,0.14281,2
C7,2381.0419,52.004467,0.140314,2
C7,2381.5419,48.757633,0.121612,2
C7,2382.0419,46.788223,0.133936,2
C7,2382.5419,46.669624,0.135638,2
C7,2383.0419,48.555927,0.143927,2
C7,2383.5419,52.557003,0.161061,2
C7,2384.0419,57.920242,0.141404,2
C7,2384.5419,64.109062,0.123359,2
C7,2385.0419,69.967834,0.118614,2
C7,2385.5419,74.672585,0.114748,0
C7,2386.0419,78.11692,0.11231,0
C7,2386.5419,80.224968,0.11089,0
C7,2387.0419,80.071075,0.112592,0
C7,2387.5419,76.995285,0.11652,0
C7,2388.0419,73.822456,0.118399,0
C7,2388.5419,72.566666,0.118818,0
C7,2389.0419,72.016617,0.119405,0
C7,2389.5419,71.308693,0.120113,0
C7,2390.0419,71.481583,0.119089,0
C7,2390.5419,73.275841,0.11683,0
C7,2391.0419,74.058563,0.117657,0
C7,2391.5419,71.952545,0.120684,0
C7,2392.0419,68.814919,0.123399,0
C7,2392.5419,65.96981,0.125891,0
C7,2393.0419,63.605072,0.127727,1
C7,2393.5419,61.854671,0.129095,1
C7,2394.0419,61.593075,0.128206,1
C7,2394.5419,63.443764,0.125708,1
C7,2395.0419,65.705193,0.124067,1
C7,2395.5419,67.1642,0.123037,1
C7,2396.0419,68.375008,0.121851,1
C7,2396.5419,69.732765,0.120553,1
C7,2397.0419,70.748856,0.119992,1
C7,2397.5419,71.074875,0.119956,0
C7,2398.0419,71.494759,0.119223,0
C7,2398.5419,72.567413,0.117993,0
C7,2399.0419,72.628159,0.119112,0
C7,2399.5419,70.490059,0.121906,0
C7,2400.0419,67.261688,0.125021,0
C7,2400.5419,63.733433,0.128364,0
C7,2401.0419,60.039993,0.13068,1
C7,2401.5419,56.277431,0.146151,1
C7,2402.0419,54.834904,0.154537,1
C7,2402.5419,57.415821,0.138928,1
C7,2403.0419,61.622437,0.126721,1
C7,2403.5419,65.745216,0.12298,1
C7,2404.0419,70.434052,0.11814,1
C7,2404.5419,76.152298,0.112515,1
C7,2405.0419,80.357925,0.110443,0
C7,2405.5419,81.238525,0.110904,0
C7,2406.0419,81.750877,0.109505,0
C7,2406.5419,84.003098,0.106781,0
C7,2407.0419,86.074585,0.105714,0
C7,2407.5419,86.595985,0.105827,0
C7,2408.0419,86.16922,0.106495,0
C7,2408.5419,85.223473,0.107558,0
C7,2409.0419,82.754227,0.111014,0
C7,2409.5419,78.045319,0.116176,0
C7,2410.0419,72.639732,0.120908,1
C7,2410.5419,67.637604,0.125331,1
C7,2411.0419,63.63435,0.128234,1
C7,2411.5419,61.054516,0.120205,1
C7,2412.0419,59.510288,0.122029,1
C7,2412.5419,58.725163,0.158296,1
C7,2413.0419,57.69698,0.158348,1
C7,2413.5419,55.711239,0.120326,1
C7,2414.0419,53.8582,0.105543,1
C7,2414.5419,52.915215,0.119959,1
C7,2415.0419,52.788189,0.135074,1
C7,2415.5419,53.410027,0.141692,1
C7,2416.0419,55.449787,0.14444,1
C7,2416.5419,59.384502,0.134335,1
C7,2417.0419,63.85474,0.124651,1
C7,2417.5419,67.891251,0.121123,1
C7,2418.0419,72.464417,0.116282,0
C7,2418.5419,78.266113,0.110505,0
C7,2419.0419,83.889107,0.10599,0
C7,2419.5419,88.330055,0.102376,0
C7,2420.0419,90.956993,0.101182,0
C7,2420.5419,91.319313,0.101713,0
C7,2421.0419,89.082069,0.105277,0
C7,2421.5419,84.006454,0.111003,0
C7,2422.0419,77.377647,0.117409,0
C7,2422.5419,70.111992,0.124301,0
C7,2423.0419,64.162331,0.128299,0
C7,2423.5419,60.920998,0.117409,1
C7,2424.0419,59.408836,0.114675,1
C7,2424.5419,58.927734,0.128676,1
C7,2425.0419,59.891151,0.131249,1
C7,2425.5419,62.593861,0.126167,1
C7,2426.0419,65.822037,0.123395,1
C7,2426.5419,68.710236,0.120881,1
C7,2427.0419,72.139648,0.117118,1
C7,2427.5419,76.738564,0.112464,1
C7,2428.0419,81.195885,0.10896,0
C7,2428.5419,84.576859,0.106276,0
C7,2429.0419,87.049416,0.104435,0
C7,2429.5419,88.733284,0.103194,0
C7,2430.0419,88.785789,0.104339,0
C7,2430.5419,86.606094,0.107183,0
C7,2431.0419,83.371628,0.110258,0
C7,2431.5419,79.921837,0.113497,0
C7,2432.0419,75.863647,0.117686,0
C7,2432.5419,70.916801,0.122551,0
C7,2433.0419,66.768219,0.125278,1
C7,2433.5419,64.620605,0.126481,1
C7,2434.0419,63.83461,0.126716,1
C7,2434.5419,63.954376,0.126262,1
C7,2435.0419,65.774956,0.123385,1
C7,2435.5419,69.863182,0.11878,0
C7,2436.0419,73.843163,0.116101,0
C7,2436.5419,76.020927,0.114794,0
C7,2437.0419,77.607246,0.113197,0
C7,2437.5419,79.465385,0.111393,0
C7,2438.0419,79.95919,0.112294,0
C7,2438.5419,77.922112,0.115122,0
C7,2439.0419,75.283508,0.117123,0
C7,2439.5419,73.418991,0.118534,0
C7,2440.0419,71.084312,0.121396,1
C7,2440.5419,67.392357,0.125292,1
C7,2441.0419,64.737328,0.126256,1
C7,2441.5419,64.826225,0.125129,1
C7,2442.0419,66.685432,0.122853,1
C7,2442.5419,69.620728,0.119757,1
C7,2443.0419,73.98288,0.114869,0
C7,2443.5419,80.021935,0.108704,0
C7,2444.0419,85.545715,0.10476,0
C7,2444.5419,88.991226,0.102398,0
C7,2445.0419,90.055779,0.102811,0
C7,2445.5419,88.523514,0.105202,0
C7,2446.0419,84.5327,0.110114,0
C7,2446.5419,78.181908,0.116825,0
C7,2447.0419,70.928589,0.123389,0
C7,2447.5419,63.811871,0.139376,1
C7,2448.0419,59.019833,0.131738,1
C7,2448.5419,58.112534,0.123236,1
C7,2449.0419,59.348938,0.127665,1
C7,2449.5419,61.487728,0.127597,1
C7,2450.0419,64.733185,0.123958,1
C7,2450.5419,69.230949,0.119365,1
C7,2451.0419,72.978973,0.117098,0
C7,2451.5419,74.549828,0.116489,0
C7,2452.0419,75.601151,0.115174,0
C7,2452.5419,77.314774,0.113354,0
C7,2453.0419,78.866241,0.112334,0
C7,2453.5419,79.667709,0.111886,0
C7,2454.0419,79.447975,0.112736,0
C7,2454.5419,78.01368,0.114511,0
C7,2455.0419,76.516159,0.115477,0
C7,2455.5419,75.776306,0.115866,0
C7,2456.0419,75.505905,0.115972,0
C7,2456.5419,75.499474,0.115878,0
C7,2457.0419,76.576218,0.114001,0
C7,2457.5419,79.320168,0.110855,3
C7,2458.0419,82.506935,0.108169,3
C7,2458.5419,85.263535,0.10581,3
C7,2459.0419,86.90686,0.105161,0
C7,2459.5419,86.949883,0.105732,0
C7,2460.0419,85.455254,0.107897,0
C7,2460.5419,82.46769,0.1112,0
C7,2461.0419,78.76458,0.114674,0
C7,2461.5419,74.900177,0.118272,0
C7,2462.0419,72.281242,0.119467,0
C7,2462.5419,71.910751,0.11895,0
C7,2463.0419,73.536613,0.116492,0
C7,2463.5419,76.979095,0.11265,0
C7,2464.0419,80.686722,0.109706,0
C7,2464.5419,83.553307,0.107404,0
C7,2465.0419,85.508347,0.106128,0
C7,2465.5419,86.501595,0.105585,0
C7,2466.0419,86.432755,0.106254,0
C7,2466.5419,85.230362,0.107786,0
C7,2467.0419,83.195747,0.109978,0
C7,2467.5419,80.543755,0.11264,0
C7,2468.0419,77.440399,0.115658,0
C7,2468.5419,74.004051,0.11893,0
C7,2469.0419,70.862251,0.121408,0
C7,2469.5419,68.46241,0.123322,0
C7,2470.0419,67.327751,0.123485,0
C7,2470.5419,67.831322,0.1224,0
C7,2471.0419,69.755402,0.119963,0
C7,2471.5419,72.944778,0.116562,0
C7,2472.0419,76.208344,0.11399,0
C7,2472.5419,78.696892,0.112008,0
C7,2473.0419,80.202507,0.111234,0
C7,2473.5419,80.576965,0.111322,0
C7,2474.0419,80.158981,0.111999,0
C7,2474.5419,79.190063,0.113096,0
C7,2475.0419,78.013237,0.114153,0
C7,2475.5419,76.873093,0.115182,0
C7,2476.0419,76.186829,0.115409,0
C7,2476.5419,76.251915,0.115063,0
C7,2477.0419,75.299683,0.117151,0
C7,2477.5419,72.069138,0.120976,0
C7,2478.0419,68.719688,0.123283,0
C7,2478.5419,66.79097,0.124506,0
C7,2479.0419,66.288055,0.124202,0
C7,2479.5419,67.214561,0.12281,0
C7,2480.0419,69.251823,0.120474,0
C7,2480.5419,72.172638,0.117465,0
C7,2481.0419,75.037987,0.11523,0
C7,2481.5419,77.178383,0.113548,0
C7,2482.0419,76.840385,0.115848,0
C7,2482.5419,72.773849,0.12099,0
C7,2483.0419,68.863052,0.123006,0
C7,2483.5419,67.877396,0.122794,0
C7,2484.0419,66.912292,0.124772,0
C7,2484.5419,63.896847,0.128312,0
C7,2485.0419,60.852261,0.140468,0
C7,2485.5419,59.219631,0.158026,0
C7,2486.0419,56.832932,0.15106,0
C7,2486.5419,52.147831,0.146281,0
C7,2487.0419,47.539066,0.141576,0
C7,2487.5419,44.699776,0.133457,0
C7,2488.0419,42.702213,0.153171,0
C7,2488.5419,40.884926,0.141439,0
C7,2489.0419,39.779697,0.131503,0
C7,2489.5419,39.765682,0.152483,0
C7,2490.0419,40.805195,0.152558,0
C7,2490.5419,42.871357,0.131162,0
C7,2491.0419,46.390743,0.130324,0
C7,2491.5419,51.6675,0.130192,0
C7,2492.0419,56.786736,0.128078,0
C7,2492.5419,60.38319,0.128402,0
C7,2493.0419,62.430691,0.127366,0
C7,2493.5419,62.910583,0.127524,0
C7,2494.0419,62.050533,0.12894,0
C7,2494.5419,60.012863,0.141013,0
C7,2495.0419,57.929581,0.163474,0
C7,2495.5419,56.607773,0.126463,0
C7,2496.0419,55.742634,0.106064,0
C7,2496.5419,55.116837,0.10978,0
C7,2497.0419,55.231152,0.131625,0
C7,2497.5419,56.442612,0.136384,0
C7,2498.0419,58.327293,0.128429,0
C7,2498.5419,60.582951,0.128472,0
C7,2499.0419,64.606041,0.123315,0
C7,2499.5419,71.39222,0.116052,0
C7,2500.0419,78.747589,0.109853,0
C7,2500.5419,85.107925,0.104411,0
C7,2501.0419,90.775299,0.09948,0
C7,2501.5419,95.96508,0.094913,0
C7,2502.0419,98.363281,0.095091,0
C7,2502.5419,96.320053,0.098653,0
C7,2503.0419,91.696159,0.103554,0
C7,2503.5419,85.818283,0.109411,0
C7,2504.0419,80.541321,0.113212,0
C7,2504.5419,77.187775,0.115548,0
C7,2505.0419,75.563004,0.116185,0
C7,2505.5419,75.528206,0.115612,0
C7,2506.0419,77.15052,0.113217,0
C7,2506.5419,80.477814,0.109522,0
C7,2507.0419,81.96534,0.110494,0
C7,2507.5419,79.085754,0.114792,0
C7,2508.0419,75.125008,0.117743,0
C7,2508.5419,72.425941,0.119732,0
C7,2509.0419,70.372276,0.121502,0
C7,2509.5419,68.524635,0.123114,0
C7,2510.0419,69.299782,0.120083,0
C7,2510.5419,74.420815,0.113741,0
C7,2511.0419,80.372131,0.10919,0
C7,2511.5419,84.647217,0.105917,0
C7,2512.0419,87.348557,0.104246,0
C7,2512.5419,88.549263,0.103719,0
C7,2513.0419,88.723343,0.103928,0
C7,2513.5419,88.208755,0.104661,0
C7,2514.0419,87.946419,0.104408,0
C7,2514.5419,88.607162,0.103452,0
C7,2515.0419,89.22776,0.103272,0
C7,2515.5419,89.121422,0.103646,0
C7,2516.0419,87.225266,0.106742,0
C7,2516.5419,82.781464,0.111779,0
C7,2517.0419,76.947662,0.11742,0
C7,2517.5419,70.549248,0.12349,0
C7,2518.0419,64.801186,0.12794,0
C7,2518.5419,60.569752,0.151272,0
C7,2519.0419,57.940376,0.151025,0
C7,2519.5419,56.973972,0.12557,0
C7,2520.0419,57.118256,0.130584,0
C7,2520.5419,57.979462,0.137072,0
C7,2521.0419,59.428371,0.131104,0
C7,2521.5419,61.372849,0.127868,0
C7,2522.0419,63.760925,0.125465,0
C7,2522.5419,66.55555,0.122753,0
C7,2523.0419,69.818733,0.119493,0
C7,2523.5419,73.594681,0.115843,0
C7,2524.0419,76.436943,0.114291,0
C7,2524.5419,77.31424,0.114237,0
C7,2525.0419,77.043976,0.114786,0
C7,2525.5419,76.208939,0.115766,0
C7,2526.0419,74.326431,0.118231,0
C7,2526.5419,71.052299,0.121757,0
C7,2527.0419,69.388062,0.121277,0
C7,2527.5419,71.47374,0.11794,0
C7,2528.0419,75.291367,0.11429,0
C7,2528.5419,79.402153,0.110416,0
C7,2529.0419,83.38884,0.106994,0
C7,2529.5419,86.953918,0.103892,0
C7,2530.0419,88.406921,0.104334,0
C7,2530.5419,86.542549,0.107304,0
C7,2531.0419,83.969933,0.109043,0
C7,2531.5419,82.549332,0.109904,0
C7,2532.0419,81.890266,0.110249,0
C7,2532.5419,81.714317,0.110226,0
C7,2533.0419,82.851334,0.108168,0
C7,2533.5419,85.892967,0.10466,0
C7,2534.0419,88.121353,0.10409,0
C7,2534.5419,87.598679,0.105616,0
C7,2535.0419,86.663811,0.105801,0
C7,2535.5419,86.984299,0.105029,0
C7,2536.0419,86.098747,0.107421,0
C7,2536.5419,82.25222,0.112069,0
C7,2537.0419,78.656914,0.114002,0
C7,2537.5419,77.603058,0.113998,0
C7,2538.0419,77.578613,0.114046,0
C7,2538.5419,77.505531,0.114132,0
C7,2539.0419,79.018761,0.111276,0
C7,2539.5419,83.283981,0.106325,0
C7,2540.0419,86.499268,0.105392,0
C7,2540.5419,85.953918,0.107323,0
C7,2541.0419,83.483055,0.109914,0
C7,2541.5419,80.395103,0.112975,0
C7,2542.0419,76.130112,0.11772,0
C7,2542.5419,70.288841,0.123666,0
C7,2543.0419,65.918358,0.12572,0
C7,2543.5419,65.191132,0.124997,0
C7,2544.0419,64.652328,0.126705,0
C7,2544.5419,61.838718,0.136434,0
C7,2545.0419,59.150192,0.128265,0
C7,2545.5419,58.297829,0.096819,0
C7,2546.0419,57.837749,0.102851,0
C7,2546.5419,56.74049,0.115535,0
C7,2547.0419,57.41346,0.122712,0
C7,2547.5419,61.573086,0.126101,0
C7,2548.0419,66.076141,0.122994,0
C7,2548.5419,68.681557,0.121333,0
C7,2549.0419,69.508316,0.121482,0
C7,2549.5419,68.641243,0.12292,0
C7,2550.0419,66.522118,0.12536,0
C7,2550.5419,63.465939,0.128514,0
C7,2551.0419,60.7108,0.1357,0
C7,2551.5419,59.139442,0.131204,0
C7,2552.0419,58.908154,0.130299,0
C7,2552.5419,60.128361,0.130795,0
C7,2553.0419,61.026257,0.129182,0
C7,2553.5419,60.337147,0.12499,0
C7,2554.0419,58.604404,0.123515,0
C7,2554.5419,56.215446,0.148648,0
C7,2555.0419,53.425392,0.145431,0
C7,2555.5419,50.416153,0.12935,0
C7,2556.0419,48.153969,0.122175,0
C7,2556.5419,47.327751,0.110613,0
C7,2557.0419,47.61924,0.132051,0
C7,2557.5419,48.801514,0.157126,0
C7,2558.0419,51.215103,0.140153,0
C7,2558.5419,55.10281,0.119249,0
C7,2559.0419,59.633579,0.121847,0
C7,2559.5419,64.214897,0.124145,0
C7,2560.0419,68.231087,0.121007,0
C7,2560.5419,71.243172,0.118633,0
C7,2561.0419,71.892181,0.119819,0
C7,2561.5419,69.209206,0.123543,0
C7,2562.0419,65.063187,0.127407,0
C7,2562.5419,60.786682,0.133584,0
C7,2563.0419,57.085182,0.123523,0
C7,2563.5419,54.4617,0.115527,0
C7,2564.0419,53.464066,0.132514,0
C7,2564.5419,54.482883,0.152743,0
C7,2565.0419,57.306244,0.14144,0
C7,2565.5419,61.78307,0.126113,0
C7,2566.0419,66.050941,0.123029,0
C7,2566.5419,68.781998,0.121115,0
C7,2567.0419,71.44593,0.118153,0
C7,2567.5419,75.090607,0.114445,0
C7,2568.0419,76.647537,0.115304,0
C7,2568.5419,73.928986,0.11942,0
C7,2569.0419,69.990196,0.122512,0
C7,2569.5419,67.009521,0.124875,0
C7,2570.0419,63.736855,0.140513,0
C7,2570.5419,59.280937,0.134343,0
C7,2571.0419,56.521751,0.13036,0
C7,2571.5419,57.512669,0.157732,0
C7,2572.0419,60.06168,0.146786,0
C7,2572.5419,62.605927,0.126561,0
